502 93809 99127
503 93839 99149
504 93854 99157
505 93906 99207
506 93937 99257
507 93942 99275
508 93924 99270
509 93982 99313
510 94013 99339
511 94072 99356
512 94103 99411
513 94148 99441
514 94219 99513
515 94260 99583
516 94341 99633
517 94375 99655
518 94429 99747
519 94458 99809
520 94503 99835
521 94576 99908
522 94602 99939
523 94650 99972
524 94675 100010
525 94711 100076
526 94743 100095
527 94749 100108
528 94823 100164
529 94840 100211
530 94899 100247
531 94923 100244
532 95001 100304
533 95047 100356
534 95092 100427
535 95096 100435
536 95154 100490
537 95250 100570
538 95318 100657
539 95325 100637
540 95377 100664
541 95444 100761
542 95509 100833
543 95513 100822
544 95543 100864
545 95548 100865
546 95571 100924
547 95645 100998
548 95651 100993
549 95681 101019
550 95725 101071
551 95795 101140
552 95858 101190
553 95949 101282
554 95990 101353
555 96034 101402
556 96095 101439
557 96126 101478
558 96153 101524
559 96219 101584
560 96263 101616
561 96290 101650
562 96338 101682
563 96372 101716
564 96441 101777
565 96421 101770
566 96447 101817
567 96515 101863
568 96568 101881
569 96614 101939
570 96599 101930
571 96644 101969
572 96669 101999
573 96688 102002
574 96682 102030
575 96728 102119
576 96756 102136
577 96783 102151
578 96829 102189
579 96924 102255
580 96936 102291
581 96955 102288
582 96949 102284
583 96969 102308
584 97002 102325
585 97023 102405
586 97085 102441
587 97116 102476
588 97153 102521
589 97157 102545
590 97175 102545
591 97208 102576
592 97268 102605
593 97316 102644
594 97319 102676
595 97367 102713
596 97413 102781
597 97464 102812
598 97471 102829
599 97500 102852
600 97581 102919
601 97605 102939
602 97669 103000
603 97653 103003
604 97714 103043
605 97760 103096
606 97829 103185
607 97908 103242
608 97942 103296
609 97932 103294
610 97997 103371
611 98022 103361
612 98035 103391
613 98059 103419
614 98110 103475
615 98137 103504
616 98160 103508
617 98182 103551
618 98206 103612
619 98276 103682
620 98327 103714
621 98369 103738
622 98397 103795
623 98414 103789
624 98478 103834
625 98513 103883
626 98532 103909
627 98594 103976
628 98650 104019
629 98709 104063
630 98730 104090
631 98764 104141
632 98872 104216
633 98910 104273
634 98944 104316
635 98948 104334
636 99012 104399
637 99008 104386
638 99014 104410
639 99094 104468
640 99105 104477
641 99115 104513
642 99132 104529
643 99160 104523
644 99130 104505
645 99117 104511
646 99156 104524
647 99212 104617
648 99239 104608
649 99283 104658
650 99315 104692
651 99312 104703
652 99310 104689
653 99365 104746
654 99419 104793
655 99462 104855
656 99465 104865
657 99504 104896
658 99557 104965
659 99610 105006
660 99639 105035
661 99669 105061
662 99699 105043
663 99740 105082
664 99768 105130
665 99781 105177
666 99822 105233
667 99827 105238
668 99857 105238
669 99914 105270
670 99939 105294
671 99964 105375
672 99966 105327
673 100010 105350
674 100066 105398
675 100056 105419
676 100062 105463
677 100122 105501
678 100150 105506
679 100157 105593
680 100169 105575
681 100199 105572
682 100178 105589
683 100219 105606
684 100246 105625
685 100260 105640
686 100330 105729
687 100388 105797
688 100404 105803
689 100475 105861
690 100524 105924
691 100540 105934
692 100572 105968
693 100569 105969
694 100574 105963
695 100630 106007
696 100649 106028
697 100711 106049
698 100775 106156
699 100780 106188
700 100800 106191
701 100799 106179
702 100774 106162
703 100800 106178
704 100840 106196
705 100886 106295
706 100900 106297
707 100921 106322
708 100920 106318
709 100965 106340
710 100994 106359
711 101016 106383
712 101023 106384
713 101068 106454
714 101117 106472
715 101138 106484
716 101139 106494
717 101153 106510
718 101120 106501
719 101173 106561
720 101159 106536
721 101197 106592
722 101228 106612
723 101254 106654
724 101294 106689
725 101320 106703
726 101326 106714
727 101348 106716
728 101418 106772
729 101449 106818
730 101467 106843
731 101514 106892
732 101542 106905
733 101548 106901
734 101582 106956
735 101585 106960
736 101595 106992
737 101660 107064
738 101688 107058
739 101730 107084
740 101705 107080
741 101700 107093
742 101747 107113
743 101741 107100
744 101790 107167
745 101801 107208
746 101786 107185
747 101797 107168
748 101835 107217
749 101812 107219
750 101864 107262
751 101888 107255
752 101916 107284
753 101913 107276
754 101935 107289
755 101962 107319
756 101960 107316
757 102009 107376
758 101995 107410
759 102057 107433
760 102075 107455
761 102087 107491
762 102105 107492
763 102114 107512
764 102129 107487
765 102150 107532
766 102177 107591
767 102194 107585
768 102237 107598
769 102198 107571
770 102195 107546
771 102183 107531
772 102219 107590
773 102295 107659
774 102300 107677
775 102342 107715
776 102388 107775
777 102420 107832
778 102424 107792
779 102489 107855
780 102522 107896
781 102572 107999
782 102547 107962
783 102545 107949
784 102638 108013
785 102687 108084
786 102677 108085
787 102700 108094
788 102715 108087
789 102700 108044
790 102701 108090
791 102710 108059
792 102723 108107
793 102756 108113
794 102775 108157
795 102779 108196
796 102794 108185
797 102817 108191
798 102861 108262
799 102885 108286
800 102849 108260
801 102867 108281
802 102884 108279
803 102846 108216
804 102881 108264
805 102873 108259
806 102906 108294
807 102935 108308
808 102959 108335
809 102985 108377
810 103022 108399
811 103031 108402
812 103045 108438
813 103065 108471
814 103086 108481
815 103133 108523
816 103208 108580
817 103216 108601
818 103231 108632
819 103258 108650
820 103251 108648
821 103274 108677
822 103269 108663
823 103303 108695
824 103316 108679
825 103361 108718
826 103354 108729
827 103353 108738
828 103379 108768
829 103405 108782
830 103374 108775
831 103400 108766
832 103454 108805
833 103465 108857
834 103494 108878
835 103511 108889
836 103536 108926
837 103552 108930
838 103592 108951
839 103546 108956
840 103582 108969
841 103621 108989
842 103647 109016
843 103620 108964
844 103639 108985
845 103668 109026
846 103682 109054
847 103692 109096
848 103735 109139
849 103732 109165
850 103744 109191
851 103760 109171
852 103779 109190
853 103785 109163
854 103832 109200
855 103841 109219
856 103847 109253
857 103857 109280
858 103909 109294
859 103912 109333
860 103945 109360
861 103970 109364
862 103907 109297
863 103951 109324
864 103999 109414
865 104042 109401
866 104048 109423
867 104082 109474
868 104132 109502
869 104141 109542
870 104170 109546
871 104199 109566
872 104183 109606
873 104186 109613
874 104195 109601
875 104195 109570
876 104202 109573
877 104178 109584
878 104195 109598
879 104219 109602
880 104194 109618
881 104183 109606
882 104194 109560
883 104184 109557
884 104190 109585
885 104223 109631
886 104260 109647
887 104232 109627
888 104244 109651
889 104245 109652
890 104268 109664
891 104295 109660
892 104326 109701
893 104339 109768
894 104330 109734
895 104288 109675
896 104298 109656
897 104298 109697
898 104340 109713
899 104372 109771
900 104385 109795
901 104375 109821
902 104395 109800
903 104403 109811
904 104373 109756
905 104411 109787
906 104395 109784
907 104415 109769
908 104434 109819
909 104496 109873
910 104514 109892
911 104505 109862
912 104537 109903
913 104558 109964
914 104577 109979
915 104555 109985
916 104620 110028
917 104610 110043
918 104637 110053
919 104671 110053
920 104705 110089
921 104701 110093
922 104764 110135
923 104761 110177
924 104760 110162
925 104753 110149
926 104765 110152
927 104730 110136
928 104697 110102
929 104736 110138
930 104723 110114
931 104732 110113
932 104772 110135
933 104750 110108
934 104761 110161
935 104761 110165
936 104748 110164
937 104778 110192
938 104819 110219
939 104839 110255
940 104871 110295
941 104908 110362
942 104923 110364
943 104920 110366
944 104958 110363
945 104966 110364
946 104995 110414
947 104986 110347
948 104973 110343
949 104975 110339
950 104925 110327
951 104899 110279
952 104916 110306
953 104982 110355
954 104986 110355
955 104981 110354
956 104976 110369
957 105028 110409
958 105023 110432
959 105055 110471
960 105061 110467
961 105089 110486
962 105086 110486
963 105101 110503
964 105076 110514
965 105121 110510
966 105110 110501
967 105158 110567
968 105191 110596
969 105203 110603
970 105231 110645
971 105199 110607
972 105248 110655
973 105255 110657
974 105256 110658
975 105307 110729
976 105310 110709
977 105349 110750
978 105325 110735
979 105364 110756
980 105356 110751
981 105387 110782
982 105389 110792
983 105402 110838
984 105398 110820
985 105445 110808
986 105489 110889
987 105565 110917
988 105609 110986
989 105589 110970
990 105586 110976
991 105622 111008
992 105643 111029
993 105617 111028
994 105710 111087
995 105693 111100
996 105715 111099
997 105723 111122
998 105740 111140
999 105707 111102
1000 105698 111074
1001 105721 111121
1002 105712 111099
1003 105723 111116
1004 105736 111133
1005 105733 111140
1006 105751 111141
1007 105745 111145
1008 105767 111180
1009 105820 111193
1010 105827 111239
1011 105802 111202
1012 105859 111270
1013 105840 111266
1014 105830 111238
1015 105800 111180
1016 105806 111163
1017 105797 111198
1018 105812 111220
1019 105831 111227
1020 105840 111256
1021 105835 111232
1022 105850 111262
1023 105839 111271
1024 105875 111314
1025 105894 111302
1026 105889 111313
1027 105867 111255
1028 105849 111251
1029 105839 111237
1030 105832 111266
1031 105803 111211
1032 105808 111206
1033 105854 111250
1034 105883 111287
1035 105888 111278
1036 105928 111318
1037 105977 111350
1038 105947 111354
1039 105928 111326
1040 105956 111338
1041 105965 111358
1042 105925 111354
1043 105934 111336
1044 105944 111331
1045 105950 111356
1046 105952 111380
1047 105930 111347
1048 105930 111349
1049 105923 111330
1050 105902 111321
1051 105926 111330
1052 105939 111329
1053 105931 111329
1054 105971 111368
1055 105944 111340
1056 105955 111343
1057 105924 111330
1058 105985 111387
1059 106007 111405
1060 105993 111399
1061 106046 111493
1062 106073 111499
1063 106103 111475
1064 106097 111499
1065 106093 111492
1066 106118 111518
1067 106093 111517
1068 106101 111523
1069 106103 111491
1070 106114 111533
1071 106122 111547
1072 106115 111548
1073 106142 111561
1074 106155 111555
1075 106174 111551
1076 106141 111554
1077 106164 111580
1078 106165 111556
1079 106194 111590
1080 106170 111602
1081 106212 111646
1082 106205 111642
1083 106206 111649
1084 106244 111667
1085 106262 111685
1086 106301 111736
1087 106284 111703
1088 106340 111734
1089 106375 111765
1090 106363 111750
1091 106369 111759
1092 106360 111754
1093 106377 111760
1094 106388 111795
1095 106427 111823
1096 106492 111870
1097 106522 111942
1098 106560 112007
1099 106516 111919
1100 106517 111918
1101 106469 111895
1102 106512 111917
1103 106501 111933
1104 106552 111919
1105 106601 112040
1106 106605 112056
1107 106603 112046
1108 106564 111984
1109 106582 111994
1110 106610 112005
1111 106649 112062
1112 106615 112047
1113 106611 112038
1114 106635 112039
1115 106634 112033
1116 106630 112064
1117 106671 112096
1118 106679 112117
1119 106660 112111
1120 106657 112090
1121 106653 112091
1122 106646 112071
1123 106617 112030
1124 106609 112015
1125 106634 112040
1126 106593 111999
1127 106658 112072
1128 106665 112058
1129 106674 112110
1130 106687 112074
1131 106667 112104
1132 106646 112070
1133 106635 112050
1134 106613 112005
1135 106648 112087
1136 106652 112094
1137 106637 112065
1138 106634 112077
1139 106622 112054
1140 106630 112045
1141 106601 112048
1142 106620 112018
1143 106630 112021
1144 106637 112028
1145 106644 112022
1146 106670 112084
1147 106724 112150
1148 106697 112157
1149 106686 112117
1150 106670 112116
1151 106666 112106
1152 106664 112109
1153 106645 112096
1154 106670 112131
1155 106672 112123
1156 106659 112132
1157 106665 112106
1158 106645 112058
1159 106655 112031
1160 106645 112049
1161 106627 112052
1162 106657 112060
1163 106660 112076
1164 106672 112077
1165 106669 112076
1166 106652 112074
1167 106658 112110
1168 106649 112067
1169 106685 112107
1170 106685 112099
1171 106667 112086
1172 106652 112061
1173 106659 112071
1174 106652 112048
1175 106633 112047
1176 106678 112078
1177 106681 112073
1178 106667 112074
1179 106686 112055
1180 106697 112082
1181 106710 112097
1182 106690 112092
1183 106687 112094
1184 106662 112061
1185 106648 112015
1186 106668 112102
1187 106665 112088
1188 106681 112108
1189 106657 112063
1190 106658 112079
1191 106732 112115
1192 106755 112131
1193 106792 112184
1194 106778 112205
1195 106802 112217
1196 106816 112224
1197 106818 112237
1198 106832 112257
1199 106833 112230
1200 106799 112192
1201 106814 112239
1202 106848 112233
1203 106819 112212
1204 106807 112191
1205 106794 112196
1206 106791 112186
1207 106799 112268
1208 106863 112283
1209 106902 112328
1210 106904 112355
1211 106870 112319
1212 106900 112301
1213 106955 112349
1214 107012 112417
1215 107030 112421
1216 107056 112466
1217 107053 112449
1218 107062 112488
1219 107074 112516
1220 107104 112514
1221 107077 112496
1222 107144 112577
1223 107139 112561
1224 107136 112579
1225 107138 112560
1226 107110 112537
1227 107166 112585
1228 107186 112611
1229 107185 112617
1230 107223 112698
1231 107192 112686
1232 107177 112636
1233 107197 112636
1234 107213 112640
1235 107198 112635
1236 107223 112655
1237 107228 112677
1238 107237 112664
1239 107266 112652
1240 107263 112698
1241 107265 112687
1242 107277 112711
1243 107306 112717
1244 107350 112789
1245 107392 112831
1246 107394 112816
1247 107433 112877
1248 107460 112913
1249 107501 112911
1250 107505 112954
1251 107485 112929
1252 107459 112864
1253 107461 112889
1254 107465 112892
1255 107428 112862
1256 107435 112847
1257 107442 112860
1258 107447 112852
1259 107406 112841
1260 107379 112780
1261 107360 112780
1262 107340 112756
1263 107384 112803
1264 107378 112815
1265 107402 112844
1266 107417 112840
1267 107452 112902
1268 107484 112894
1269 107463 112870
1270 107471 112871
1271 107490 112880
1272 107474 112907
1273 107436 112855
1274 107478 112870
1275 107476 112869
1276 107509 112928
1277 107518 112906
1278 107540 112937
1279 107575 112989
1280 107573 113012
1281 107602 113017
1282 107586 113024
1283 107609 113035
1284 107639 113034
1285 107634 113031
1286 107648 113060
1287 107625 113059
1288 107630 113043
1289 107637 113073
1290 107602 113037
1291 107628 113017
1292 107687 113105
1293 107696 113127
1294 107691 113100
1295 107685 113095
1296 107668 113107
1297 107728 113155
1298 107719 113144
1299 107692 113103
1300 107675 113073
1301 107691 113102
1302 107696 113083
1303 107707 113125
1304 107703 113109
1305 107718 113129
1306 107722 113156
1307 107762 113171
1308 107742 113165
1309 107704 113129
1310 107727 113173
1311 107666 113114
1312 107645 113086
1313 107623 113029
1314 107612 113080
1315 107619 113078
1316 107634 113057
1317 107648 113093
1318 107629 113074
1319 107608 113036
1320 107606 113063
1321 107562 112988
1322 107609 113053
1323 107617 113034
1324 107622 113050
1325 107625 113086
1326 107652 113061
1327 107614 112997
1328 107603 112966
1329 107654 113007
1330 107635 113024
1331 107627 113023
1332 107632 113058
1333 107628 113066
1334 107631 113076
1335 107590 113017
1336 107576 112988
1337 107568 112998
1338 107532 112986
1339 107545 113003
1340 107516 112927
1341 107531 112916
1342 107487 112911
1343 107514 112901
1344 107562 112950
1345 107556 112966
1346 107625 113042
1347 107626 113044
1348 107632 113045
1349 107583 113040
1350 107599 113013
1351 107566 112969
1352 107569 113001
1353 107576 112996
1354 107564 112992
1355 107547 112976
1356 107552 112982
1357 107584 113015
1358 107611 113047
1359 107611 113020
1360 107623 113048
1361 107666 113066
1362 107587 113025
1363 107662 113060
1364 107667 113087
1365 107671 113065
1366 107671 113110
1367 107693 113105
1368 107695 113112
1369 107750 113168
1370 107767 113184
1371 107791 113236
1372 107821 113301
1373 107854 113287
1374 107866 113312
1375 107916 113348
1376 107911 113333
1377 107941 113363
1378 107951 113356
1379 107961 113385
1380 107925 113379
1381 107927 113346
1382 107899 113328
1383 107897 113324
1384 107937 113354
1385 107938 113357
1386 107892 113314
1387 107918 113321
1388 107912 113301
1389 107862 113321
1390 107911 113319
1391 107941 113352
1392 107926 113333
1393 107882 113296
1394 107925 113322
1395 107882 113297
1396 107888 113304
1397 107917 113336
1398 107917 113353
1399 107918 113314
1400 107935 113345
1401 107951 113342
1402 107932 113351
1403 107979 113421
1404 107959 113403
1405 107973 113423
1406 107920 113377
1407 107950 113381
1408 107941 113366
1409 107973 113399
1410 107974 113393
1411 107897 113320
1412 107868 113296
1413 107888 113315
1414 107879 113281
1415 107886 113327
1416 107906 113318
1417 107953 113344
1418 107940 113332
1419 107927 113347
1420 107920 113344
1421 107940 113366
1422 107902 113323
1423 107913 113363
1424 107923 113381
1425 107977 113426
1426 107943 113365
1427 107929 113359
1428 107885 113318
1429 107886 113359
1430 107877 113348
1431 107851 113309
1432 107838 113251
1433 107867 113271
1434 107851 113294
1435 107865 113287
1436 107840 113249
1437 107799 113244
1438 107776 113218
1439 107770 113189
1440 107785 113214
1441 107763 113195
1442 107757 113176
1443 107799 113211
1444 107808 113219
1445 107850 113242
1446 107837 113244
1447 107833 113237
1448 107831 113264
1449 107872 113280
1450 107855 113276
1451 107850 113261
1452 107869 113301
1453 107848 113297
1454 107801 113237
1455 107773 113182
1456 107752 113178
1457 107723 113154
1458 107717 113171
1459 107754 113191
1460 107773 113198
1461 107754 113178
1462 107745 113166
1463 107709 113139
1464 107769 113177
1465 107715 113129
1466 107733 113129
1467 107731 113160
1468 107757 113209
1469 107744 113141
1470 107760 113145
1471 107766 113180
1472 107823 113214
1473 107850 113247
1474 107870 113256
1475 107844 113252
1476 107853 113237
1477 107832 113211
1478 107829 113240
1479 107837 113255
1480 107839 113291
1481 107871 113300
1482 107871 113301
1483 107886 113342
1484 107913 113320
1485 107910 113307
1486 107889 113323
1487 107885 113334
1488 107880 113312
1489 107904 113339
1490 107910 113330
1491 107889 113315
1492 107899 113334
1493 107902 113330
1494 107935 113388
1495 107932 113394
1496 107958 113415
1497 107921 113376
1498 107941 113380
1499 107961 113415
1500 107945 113397
1501 107970 113430
1502 107981 113453
1503 107975 113413
1504 107970 113381
1505 107975 113405
1506 107964 113419
1507 107967 113397
1508 107951 113371
1509 107962 113367
1510 107944 113376
1511 107902 113276
1512 107898 113307
1513 107922 113325
1514 107931 113362
1515 107902 113342
1516 107896 113315
1517 107871 113266
1518 107895 113322
1519 107886 113318
1520 107923 113353
1521 107910 113334
1522 107919 113346
1523 107935 113380
1524 107966 113437
1525 107928 113368
1526 107930 113356
1527 107924 113327
1528 107952 113354
1529 107934 113369
1530 107954 113351
1531 107917 113348
1532 107909 113321
1533 107941 113339
1534 107945 113332
1535 107951 113352
1536 107971 113357
1537 107953 113341
1538 107913 113329
1539 107892 113311
1540 107846 113246
1541 107829 113260
1542 107860 113282
1543 107860 113290
1544 107839 113265
1545 107814 113213
1546 107783 113245
1547 107815 113237
1548 107754 113216
1549 107806 113259
1550 107779 113225
1551 107810 113230
1552 107795 113235
1553 107743 113179
1554 107698 113110
1555 107676 113102
1556 107666 113063
1557 107649 113075
1558 107649 113057
1559 107683 113078
1560 107696 113118
1561 107725 113148
1562 107724 113185
1563 107745 113168
1564 107732 113182
1565 107711 113140
1566 107735 113140
1567 107724 113151
1568 107800 113208
1569 107806 113224
1570 107834 113281
1571 107808 113249
1572 107819 113247
1573 107843 113238
1574 107816 113238
1575 107832 113264
1576 107835 113260
1577 107843 113236
1578 107809 113232
1579 107841 113252
1580 107797 113234
1581 107820 113221
1582 107824 113231
1583 107864 113277
1584 107834 113241
1585 107854 113253
1586 107864 113278
1587 107865 113287
1588 107836 113269
1589 107825 113245
1590 107829 113225
1591 107815 113222
1592 107839 113249
1593 107841 113243
1594 107840 113265
1595 107840 113248
1596 107851 113272
1597 107836 113264
1598 107847 113289
1599 107823 113227
1600 107814 113229
1601 107797 113206
1602 107817 113236
1603 107836 113268
1604 107820 113238
1605 107800 113214
1606 107826 113232
1607 107823 113236
1608 107799 113217
1609 107812 113256
1610 107846 113267
1611 107846 113246
1612 107845 113257
1613 107891 113332
1614 107885 113311
1615 107922 113320
1616 107881 113315
1617 107909 113309
1618 107893 113314
1619 107971 113367
1620 107970 113370
1621 107941 113372
1622 107969 113364
1623 107940 113330
1624 107954 113343
1625 108007 113418
1626 108048 113464
1627 108038 113486
1628 107970 113439
1629 107971 113433
1630 107954 113370
1631 107909 113346
1632 107937 113365
1633 107902 113368
1634 107916 113392
1635 107905 113365
1636 107928 113357
1637 107924 113362
1638 107918 113357
1639 107916 113339
1640 107891 113319
1641 107923 113326
1642 107903 113306
1643 107949 113353
1644 107952 113350
1645 107941 113363
1646 107993 113419
1647 107946 113391
1648 107946 113377
1649 107993 113394
1650 107945 113349
1651 107871 113286
1652 107912 113325
1653 107922 113346
1654 107942 113379
1655 107964 113389
1656 107939 113388
1657 107915 113357
1658 107937 113343
1659 107931 113342
1660 107946 113403
1661 107967 113426
1662 107963 113388
1663 107990 113395
1664 108022 113438
1665 108071 113503
1666 108089 113525
1667 108105 113533
1668 108098 113525
1669 108109 113574
1670 108159 113560
1671 108159 113570
1672 108179 113634
1673 108169 113592
1674 108164 113622
1675 108193 113639
1676 108225 113657
1677 108213 113691
1678 108223 113677
1679 108209 113647
1680 108195 113623
1681 108179 113588
1682 108193 113639
1683 108221 113640
1684 108177 113619
1685 108185 113611
1686 108190 113605
1687 108203 113627
1688 108206 113618
1689 108246 113681
1690 108274 113699
1691 108277 113685
1692 108287 113741
1693 108269 113683
1694 108259 113676
1695 108260 113689
1696 108260 113680
1697 108240 113697
1698 108261 113710
1699 108285 113743
1700 108270 113680
1701 108289 113730
1702 108294 113745
1703 108303 113759
1704 108312 113763
1705 108312 113739
1706 108341 113804
1707 108326 113814
1708 108328 113779
1709 108294 113730
1710 108291 113757
1711 108359 113778
1712 108380 113783
1713 108395 113833
1714 108407 113849
1715 108447 113866
1716 108410 113831
1717 108374 113813
1718 108388 113834
1719 108394 113861
1720 108415 113838
1721 108428 113860
1722 108433 113857
1723 108398 113817
1724 108424 113817
1725 108406 113862
1726 108407 113855
1727 108379 113811
1728 108379 113811
1729 108378 113794
1730 108383 113825
1731 108374 113809
1732 108393 113836
1733 108398 113831
1734 108414 113866
1735 108429 113875
1736 108388 113857
1737 108409 113863
1738 108378 113838
1739 108398 113823
1740 108394 113817
1741 108405 113828
1742 108399 113839
1743 108368 113791
1744 108398 113800
1745 108398 113828
1746 108394 113804
1747 108385 113799
1748 108391 113761
1749 108391 113789
1750 108398 113821
1751 108384 113805
1752 108366 113823
1753 108360 113827
1754 108374 113820
1755 108384 113827
1756 108385 113810
1757 108369 113823
1758 108341 113784
1759 108335 113768
1760 108327 113790
1761 108353 113800
1762 108370 113793
1763 108374 113821
1764 108404 113853
1765 108403 113831
1766 108435 113871
1767 108435 113876
1768 108394 113829
1769 108361 113801
1770 108377 113781
1771 108378 113836
1772 108365 113847
1773 108388 113836
1774 108389 113814
1775 108393 113816
1776 108410 113858
1777 108398 113863
1778 108367 113815
1779 108342 113804
1780 108325 113798
1781 108341 113813
1782 108360 113799
1783 108331 113791
1784 108338 113783
1785 108274 113734
1786 108299 113729
1787 108262 113684
1788 108268 113678
1789 108279 113706
1790 108276 113679
1791 108226 113656
1792 108217 113637
1793 108214 113622
1794 108219 113650
1795 108215 113651
1796 108225 113656
1797 108240 113662
1798 108218 113675
1799 108217 113671
1800 108214 113629
1801 108210 113665
1802 108206 113642
1803 108237 113645
1804 108210 113657
1805 108222 113688
1806 108234 113687
1807 108217 113662
1808 108222 113654
1809 108221 113678
1810 108225 113670
1811 108257 113679
1812 108223 113688
1813 108274 113720
1814 108270 113716
1815 108248 113708
1816 108247 113699
1817 108286 113743
1818 108281 113742
1819 108299 113747
1820 108304 113752
1821 108300 113776
1822 108279 113747
1823 108301 113727
1824 108294 113733
1825 108257 113692
1826 108267 113667
1827 108200 113624
1828 108183 113599
1829 108182 113624
1830 108231 113679
1831 108275 113676
1832 108307 113710
1833 108303 113730
1834 108318 113752
1835 108338 113782
1836 108337 113754
1837 108307 113728
1838 108276 113723
1839 108326 113759
1840 108313 113754
1841 108305 113759
1842 108298 113711
1843 108280 113724
1844 108335 113742
1845 108363 113793
1846 108358 113804
1847 108363 113787
1848 108306 113755
1849 108272 113720
1850 108262 113712
1851 108268 113707
1852 108268 113693
1853 108248 113670
1854 108280 113711
1855 108285 113731
1856 108305 113729
1857 108331 113781
1858 108315 113764
1859 108329 113776
1860 108351 113798
1861 108394 113810
1862 108426 113844
1863 108410 113863
1864 108478 113886
1865 108493 113903
1866 108522 113929
1867 108527 113970
1868 108526 113958
1869 108462 113915
1870 108492 113902
1871 108471 113913
1872 108484 113919
1873 108492 113909
1874 108481 113919
1875 108445 113872
1876 108482 113910
1877 108459 113886
1878 108444 113872
1879 108475 113882
1880 108473 113904
1881 108482 113926
1882 108439 113903
1883 108436 113873
1884 108432 113857
1885 108434 113854
1886 108440 113866
1887 108405 113859
1888 108421 113837
1889 108416 113852
1890 108408 113901
1891 108397 113849
1892 108392 113834
1893 108393 113827
1894 108336 113761
1895 108399 113817
1896 108422 113859
1897 108407 113826
1898 108412 113842
1899 108407 113830
1900 108432 113874
1901 108434 113863
1902 108417 113851
1903 108360 113817
1904 108370 113815
1905 108346 113814
1906 108358 113793
1907 108309 113743
1908 108309 113737
1909 108347 113754
1910 108316 113746
1911 108323 113734
1912 108302 113773
1913 108357 113770
1914 108308 113724
1915 108310 113732
1916 108316 113744
1917 108333 113761
1918 108332 113756
1919 108287 113713
1920 108240 113686
1921 108211 113661
1922 108192 113627
1923 108154 113628
1924 108165 113615
1925 108163 113597
1926 108211 113645
1927 108187 113641
1928 108185 113600
1929 108159 113597
1930 108156 113590
1931 108194 113636
1932 108198 113645
1933 108184 113623
1934 108173 113600
1935 108174 113611
1936 108160 113593
1937 108117 113539
1938 108115 113556
1939 108125 113565
1940 108137 113553
1941 108102 113513
1942 108123 113526
1943 108123 113511
1944 108130 113525
1945 108104 113530
1946 108112 113559
1947 108068 113503
1948 108081 113501
1949 108079 113510
1950 108120 113549
1951 108086 113545
1952 108120 113555
1953 108112 113548
1954 108161 113622
1955 108170 113596
1956 108173 113622
1957 108143 113583
1958 108130 113575
1959 108165 113590
1960 108113 113595
1961 108112 113580
1962 108118 113542
1963 108151 113568
1964 108135 113572
1965 108149 113585
1966 108138 113587
1967 108150 113595
1968 108111 113553
1969 108106 113582
1970 108070 113539
1971 108086 113564
1972 108101 113545
1973 108109 113531
1974 108097 113521
1975 108121 113522
1976 108090 113493
1977 108076 113488
1978 108068 113512
1979 108038 113469
1980 108050 113475
1981 108014 113437
1982 108030 113479
1983 108028 113467
1984 107994 113423
1985 107959 113327
1986 107917 113357
1987 107927 113367
1988 107900 113345
1989 107950 113384
1990 107915 113334
1991 107924 113353
1992 107932 113372
1993 107947 113364
1994 107976 113416
1995 108000 113432
1996 107965 113388
1997 107936 113360
1998 107927 113362
1999 107948 113366
2000 107956 113401
2001 107980 113424
2002 107936 113398
2003 107980 113399
2004 107955 113424
2005 107971 113399
2006 107945 113404
2007 107951 113389
2008 107957 113380
2009 107920 113360
2010 107935 113358
2011 107908 113384
2012 107924 113346
2013 107903 113336
2014 107874 113301
2015 107903 113350
2016 107858 113286
2017 107879 113265
2018 107894 113317
2019 107935 113374
2020 107927 113330
2021 107868 113304
2022 107887 113310
2023 107854 113267
2024 107842 113240
2025 107857 113279
2026 107905 113309
2027 107912 113332
2028 107921 113335
2029 107934 113362
2030 107937 113380
2031 107929 113376
2032 107987 113402
2033 107951 113334
2034 107936 113328
2035 107948 113338
2036 107925 113327
2037 107881 113282
2038 107933 113357
2039 107921 113342
2040 107915 113343
2041 107911 113319
2042 107914 113313
2043 107920 113345
2044 107891 113296
2045 107869 113263
2046 107888 113280
2047 107891 113290
2048 107922 113360
2049 107912 113357
2050 107932 113367
2051 107921 113349
2052 107938 113368
2053 107948 113354
2054 107962 113374
2055 107913 113319
2056 107939 113344
2057 107916 113333
2058 107895 113289
2059 107886 113314
2060 107877 113324
2061 107910 113324
2062 107901 113340
2063 107901 113334
2064 107865 113323
2065 107897 113313
2066 107912 113321
2067 107910 113380
2068 107913 113334
2069 107885 113334
2070 107897 113335
2071 107933 113355
2072 107915 113334
2073 107903 113301
2074 107912 113309
2075 107925 113327
2076 107920 113354
2077 107889 113304
2078 107864 113265
2079 107828 113234
2080 107838 113252
2081 107839 113287
2082 107855 113309
2083 107840 113272
2084 107830 113271
2085 107885 113321
2086 107879 113318
2087 107897 113341
2088 107918 113356
2089 107908 113360
2090 107889 113334
2091 107883 113350
2092 107891 113344
2093 107949 113338
2094 107987 113398
2095 107990 113423
2096 107990 113435
2097 108002 113409
2098 108044 113439
2099 108076 113486
2100 108091 113497
2101 108033 113460
2102 108055 113450
2103 108000 113431
2104 108019 113469
2105 107985 113443
2106 107968 113431
2107 108013 113443
2108 108006 113453
2109 107994 113432
2110 107986 113439
2111 108009 113424
2112 107998 113408
2113 108008 113405
2114 108006 113430
2115 108011 113424
2116 108041 113429
2117 108019 113397
2118 108010 113421
2119 108030 113460
2120 108050 113490
2121 108066 113491
2122 108040 113459
2123 108018 113454
2124 108020 113433
2125 107995 113422
2126 107971 113388
2127 107945 113382
2128 108004 113407
2129 108015 113419
2130 108031 113427
2131 108042 113459
2132 108052 113486
2133 108061 113485
2134 108096 113519
2135 108097 113512
2136 108102 113530
2137 108030 113464
2138 108031 113486
2139 108012 113476
2140 108010 113448
2141 108014 113458
2142 108038 113439
2143 108061 113483
2144 108061 113502
2145 108050 113463
2146 108027 113439
2147 108034 113437
2148 108052 113486
2149 108046 113493
2150 108057 113475
2151 108092 113490
2152 108079 113471
2153 108101 113516
2154 108099 113509
2155 108087 113525
2156 108062 113492
2157 108048 113500
2158 108067 113504
2159 108113 113564
2160 108098 113571
2161 108098 113560
2162 108098 113534
2163 108032 113479
2164 108016 113438
2165 108003 113439
2166 107935 113377
2167 107975 113393
2168 107957 113368
2169 107950 113381
2170 107972 113401
2171 107988 113438
2172 107977 113406
2173 107999 113449
2174 107940 113382
2175 107970 113431
2176 107982 113404
2177 107916 113364
2178 107922 113350
2179 107944 113335
2180 107926 113351
2181 107902 113364
2182 107973 113414
2183 107966 113390
2184 107952 113358
2185 107963 113365
2186 107978 113399
2187 107998 113410
2188 107963 113429
2189 107936 113359
2190 107926 113348
2191 107946 113395
2192 107947 113390
2193 107947 113371
2194 107932 113383
2195 107948 113412
2196 107929 113369
2197 107956 113370
2198 107975 113386
2199 107978 113381
2200 107967 113379
2201 107963 113380
2202 108002 113435
2203 108043 113485
2204 108056 113497
2205 108010 113456
2206 108073 113510
2207 108043 113461
2208 108037 113399
2209 108076 113479
2210 108077 113495
2211 108088 113501
2212 108127 113540
2213 108129 113538
2214 108144 113556
2215 108185 113573
2216 108153 113614
2217 108149 113602
2218 108160 113613
2219 108198 113643
2220 108197 113620
2221 108209 113604
2222 108196 113591
2223 108162 113554
2224 108153 113533
2225 108161 113543
2226 108131 113532
2227 108166 113572
2228 108202 113597
2229 108172 113563
2230 108144 113549
2231 108104 113534
2232 108092 113532
2233 108084 113505
2234 108041 113466
2235 108076 113477
2236 108092 113524
2237 108079 113494
2238 108049 113479
2239 108032 113462
2240 108048 113454
2241 108089 113477
2242 108071 113492
2243 108038 113501
2244 108010 113442
2245 108063 113487
2246 108065 113498
2247 108063 113476
2248 108051 113462
2249 108049 113497
2250 108091 113496
2251 108100 113534
2252 108123 113544
2253 108136 113576
2254 108144 113542
2255 108103 113527
2256 108082 113494
2257 108130 113510
2258 108174 113554
2259 108175 113578
2260 108189 113596
2261 108188 113625
2262 108226 113619
2263 108205 113621
2264 108212 113648
2265 108205 113659
2266 108204 113623
2267 108205 113635
2268 108215 113624
2269 108211 113652
2270 108272 113684
2271 108259 113679
2272 108253 113679
2273 108257 113681
2274 108276 113679
2275 108295 113700
2276 108286 113715
2277 108251 113665
2278 108238 113652
2279 108239 113658
2280 108287 113683
2281 108300 113702
2282 108305 113692
2283 108280 113693
2284 108256 113655
2285 108219 113644
2286 108206 113610
2287 108251 113603
2288 108239 113631
2289 108262 113676
2290 108247 113669
2291 108291 113718
2292 108336 113782
2293 108389 113801
2294 108409 113836
2295 108378 113799
2296 108342 113794
2297 108371 113794
2298 108358 113787
2299 108388 113802
2300 108397 113821
2301 108371 113792
2302 108349 113757
2303 108355 113792
2304 108326 113795
2305 108327 113792
2306 108335 113782
2307 108357 113780
2308 108343 113776
2309 108334 113744
2310 108327 113722
2311 108352 113774
2312 108380 113773
2313 108356 113781
2314 108372 113812
2315 108371 113788
2316 108381 113790
2317 108370 113767
2318 108383 113804
2319 108347 113779
2320 108335 113753
2321 108305 113733
2322 108294 113719
2323 108285 113715
2324 108265 113708
2325 108277 113711
2326 108305 113716
2327 108351 113740
2328 108318 113755
2329 108342 113765
2330 108333 113761
2331 108299 113725
2332 108263 113716
2333 108257 113662
2334 108220 113593
2335 108200 113634
2336 108207 113629
2337 108214 113621
2338 108217 113644
2339 108195 113625
2340 108200 113651
2341 108132 113545
2342 108086 113531
2343 108084 113508
2344 108076 113487
2345 108089 113508
2346 108111 113502
2347 108130 113549
2348 108164 113607
2349 108171 113585
2350 108165 113599
2351 108205 113641
2352 108179 113619
2353 108174 113589
2354 108187 113590
2355 108198 113629
2356 108206 113642
2357 108207 113664
2358 108227 113663
2359 108206 113638
2360 108189 113614
2361 108207 113631
2362 108156 113573
2363 108148 113580
2364 108136 113553
2365 108128 113540
2366 108122 113538
2367 108093 113493
2368 108115 113536
2369 108116 113540
2370 108144 113569
2371 108150 113572
2372 108115 113549
2373 108113 113532
2374 108145 113552
2375 108172 113597
2376 108208 113620
2377 108220 113597
2378 108220 113653
2379 108153 113604
2380 108177 113597
2381 108155 113581
2382 108141 113534
2383 108142 113534
2384 108129 113566
2385 108116 113561
2386 108106 113542
2387 108141 113614
2388 108179 113618
2389 108199 113649
2390 108216 113657
2391 108224 113651
2392 108227 113665
2393 108283 113735
2394 108312 113731
2395 108296 113710
2396 108268 113658
2397 108259 113703
2398 108233 113641
2399 108260 113658
2400 108267 113667
2401 108238 113661
2402 108271 113713
2403 108272 113703
2404 108220 113626
2405 108231 113644
2406 108241 113665
2407 108209 113675
2408 108188 113627
2409 108159 113584
2410 108149 113581
2411 108150 113586
2412 108159 113557
2413 108097 113520
2414 108108 113542
2415 108083 113533
2416 108150 113561
2417 108135 113608
2418 108146 113582
2419 108151 113570
2420 108154 113544
2421 108147 113519
2422 108135 113546
2423 108167 113576
2424 108155 113585
2425 108175 113587
2426 108174 113580
2427 108206 113623
2428 108233 113650
2429 108221 113659
2430 108226 113660
2431 108287 113703
2432 108263 113718
2433 108257 113696
2434 108280 113701
2435 108289 113707
2436 108252 113689
2437 108266 113702
2438 108299 113708
2439 108320 113734
2440 108345 113783
2441 108348 113756
2442 108318 113755
2443 108339 113767
2444 108380 113804
2445 108390 113819
2446 108436 113869
2447 108439 113867
2448 108447 113869
2449 108468 113892
2450 108470 113878
2451 108508 113932
2452 108505 113907
2453 108536 113963
2454 108519 113939
2455 108523 113958
2456 108546 113963
2457 108560 114001
2458 108536 113997
2459 108520 114002
2460 108503 113951
2461 108491 113946
2462 108522 113961
2463 108503 113932
2464 108496 113953
2465 108541 113951
2466 108532 113972
2467 108475 113921
2468 108484 113917
2469 108498 113924
2470 108456 113887
2471 108439 113934
2472 108428 113901
2473 108408 113839
2474 108375 113846
2475 108384 113823
2476 108373 113798
2477 108386 113843
2478 108368 113852
2479 108385 113829
2480 108351 113828
2481 108312 113777
2482 108363 113831
2483 108363 113839
2484 108352 113793
2485 108339 113793
2486 108323 113761
2487 108372 113815
2488 108388 113832
2489 108375 113820
2490 108381 113796
2491 108369 113790
2492 108330 113746
2493 108332 113772
2494 108341 113743
2495 108328 113726
2496 108311 113702
2497 108331 113741
2498 108345 113763
2499 108377 113805
2500 108369 113779
2501 108354 113744
2502 108327 113707
2503 108272 113712
2504 108297 113715
2505 108282 113701
2506 108296 113709
2507 108286 113713
2508 108272 113688
2509 108226 113659
2510 108204 113610
2511 108255 113668
2512 108240 113653
2513 108242 113676
2514 108244 113706
2515 108228 113659
2516 108185 113617
2517 108208 113639
2518 108185 113620
2519 108171 113592
2520 108201 113646
2521 108206 113621
2522 108189 113615
2523 108185 113618
2524 108189 113620
2525 108166 113596
2526 108212 113631
2527 108232 113655
2528 108244 113686
2529 108278 113724
2530 108238 113708
2531 108229 113724
2532 108222 113662
2533 108271 113707
2534 108300 113746
2535 108281 113717
2536 108325 113752
2537 108332 113780
2538 108308 113750
2539 108329 113750
2540 108335 113745
2541 108342 113743
2542 108344 113786
2543 108364 113771
2544 108325 113785
2545 108341 113768
2546 108330 113770
2547 108299 113756
2548 108267 113716
2549 108297 113751
2550 108300 113708
2551 108275 113708
2552 108297 113699
2553 108283 113735
2554 108275 113702
2555 108293 113739
2556 108327 113727
2557 108302 113740
2558 108297 113729
2559 108260 113705
2560 108262 113690
2561 108286 113735
2562 108304 113745
2563 108284 113743
2564 108296 113738
2565 108285 113752
2566 108293 113776
2567 108308 113786
2568 108326 113779
2569 108301 113738
2570 108284 113727
2571 108260 113672
2572 108261 113704
2573 108263 113723
2574 108275 113722
2575 108300 113751
2576 108317 113752
2577 108313 113745
2578 108280 113708
2579 108290 113720
2580 108259 113707
2581 108250 113703
2582 108305 113710
2583 108304 113731
2584 108301 113737
2585 108270 113686
2586 108209 113650
2587 108215 113654
2588 108202 113663
2589 108235 113674
2590 108243 113666
2591 108233 113691
2592 108214 113637
2593 108218 113630
2594 108190 113628
2595 108157 113606
2596 108165 113585
2597 108175 113583
2598 108184 113609
2599 108166 113587
2600 108161 113593
2601 108140 113576
2602 108142 113566
2603 108152 113594
2604 108156 113598
2605 108161 113590
2606 108116 113528
2607 108138 113556
2608 108171 113572
2609 108116 113553
2610 108142 113560
2611 108154 113568
2612 108152 113565
2613 108147 113591
2614 108179 113609
2615 108176 113616
2616 108151 113590
2617 108111 113567
2618 108146 113595
2619 108116 113552
2620 108128 113581
2621 108138 113582
2622 108145 113586
2623 108164 113600
2624 108152 113539
2625 108164 113549
2626 108180 113585
2627 108193 113632
2628 108245 113651
2629 108249 113693
2630 108239 113670
2631 108244 113669
2632 108230 113685
2633 108231 113672
2634 108244 113684
2635 108193 113643
2636 108231 113642
2637 108199 113605
2638 108202 113625
2639 108218 113631
2640 108217 113679
2641 108245 113667
2642 108233 113638
2643 108262 113659
2644 108280 113674
2645 108303 113725
2646 108319 113754
2647 108349 113757
2648 108368 113807
2649 108297 113760
2650 108366 113791
2651 108357 113810
2652 108361 113797
2653 108367 113796
2654 108350 113815
2655 108425 113883
2656 108442 113911
2657 108392 113821
2658 108437 113863
2659 108418 113835
2660 108408 113838
2661 108402 113821
2662 108433 113871
2663 108475 113902
2664 108449 113880
2665 108395 113828
2666 108396 113845
2667 108385 113843
2668 108389 113837
2669 108413 113841
2670 108392 113820
2671 108364 113779
2672 108381 113809
2673 108345 113787
2674 108338 113767
2675 108358 113786
2676 108337 113756
2677 108303 113752
2678 108303 113764
2679 108325 113739
2680 108332 113759
2681 108360 113768
2682 108291 113713
2683 108258 113667
2684 108259 113690
2685 108270 113685
2686 108259 113676
2687 108269 113701
2688 108257 113696
2689 108264 113673
2690 108278 113729
2691 108286 113713
2692 108258 113692
2693 108303 113751
2694 108338 113759
2695 108296 113738
2696 108310 113776
2697 108266 113709
2698 108301 113720
2699 108341 113750
2700 108348 113757
2701 108351 113767
2702 108397 113788
2703 108406 113806
2704 108418 113822
2705 108419 113806
2706 108399 113825
2707 108354 113843
2708 108386 113844
2709 108374 113799
2710 108370 113809
2711 108381 113816
2712 108348 113827
2713 108340 113773
2714 108331 113742
2715 108300 113723
2716 108261 113704
2717 108286 113704
2718 108273 113718
2719 108258 113701
2720 108218 113637
2721 108242 113671
2722 108259 113674
2723 108260 113689
2724 108251 113671
2725 108258 113696
2726 108314 113755
2727 108360 113780
2728 108391 113798
2729 108372 113781
2730 108349 113756
2731 108377 113786
2732 108395 113826
2733 108344 113794
2734 108333 113765
2735 108382 113771
2736 108366 113810
2737 108379 113809
2738 108381 113826
2739 108332 113800
2740 108332 113757
2741 108310 113739
2742 108305 113699
2743 108307 113701
2744 108331 113738
2745 108312 113769
2746 108292 113705
2747 108304 113697
2748 108292 113696
2749 108275 113696
2750 108282 113692
2751 108252 113679
2752 108224 113643
2753 108217 113652
2754 108231 113669
2755 108255 113689
2756 108271 113693
2757 108273 113706
2758 108238 113661
2759 108247 113676
2760 108210 113648
2761 108211 113613
2762 108222 113646
2763 108202 113647
2764 108205 113652
2765 108187 113609
2766 108164 113589
2767 108167 113612
2768 108163 113594
2769 108192 113627
2770 108199 113630
2771 108222 113644
2772 108191 113638
2773 108172 113639
2774 108207 113665
2775 108231 113707
2776 108219 113695
2777 108255 113686
2778 108278 113696
2779 108274 113716
2780 108274 113694
2781 108271 113691
2782 108292 113717
2783 108302 113747
2784 108290 113701
2785 108307 113719
2786 108282 113713
2787 108285 113735
2788 108288 113680
2789 108308 113745
2790 108327 113762
2791 108330 113781
2792 108323 113765
2793 108382 113780
2794 108387 113807
2795 108367 113805
2796 108373 113798
2797 108335 113771
2798 108274 113758
2799 108313 113734
2800 108293 113748
2801 108284 113729
2802 108298 113744
2803 108250 113670
2804 108230 113656
2805 108187 113631
2806 108205 113604
2807 108195 113591
2808 108201 113590
2809 108207 113596
2810 108182 113621
2811 108138 113563
2812 108136 113577
2813 108138 113584
2814 108137 113576
2815 108147 113572
2816 108116 113581
2817 108109 113566
2818 108153 113561
2819 108105 113552
2820 108087 113505
2821 108038 113450
2822 108008 113439
2823 108009 113450
2824 108063 113479
2825 108061 113502
2826 108072 113545
2827 108108 113564
2828 108098 113528
2829 108134 113555
2830 108061 113470
2831 108094 113523
2832 108120 113542
2833 108113 113516
2834 108088 113513
2835 108061 113506
2836 108059 113481
2837 108061 113493
2838 108067 113489
2839 108065 113505
2840 108035 113485
2841 108034 113489
2842 108074 113491
2843 108030 113464
2844 108040 113491
2845 108067 113498
2846 108130 113550
2847 108143 113586
2848 108149 113599
2849 108136 113561
2850 108114 113521
2851 108064 113447
2852 108070 113471
2853 108094 113531
2854 108093 113522
2855 108086 113517
2856 108104 113535
2857 108174 113596
2858 108180 113606
2859 108160 113588
2860 108163 113557
2861 108192 113584
2862 108194 113601
2863 108180 113580
2864 108160 113601
2865 108170 113612
2866 108206 113622
2867 108225 113639
2868 108183 113636
2869 108226 113647
2870 108237 113653
2871 108213 113644
2872 108203 113616
2873 108228 113634
2874 108225 113645
2875 108258 113691
2876 108269 113703
2877 108197 113624
2878 108167 113622
2879 108158 113588
2880 108131 113537
2881 108130 113559
2882 108103 113523
2883 108092 113536
2884 108092 113489
2885 108113 113510
2886 108147 113566
2887 108176 113597
2888 108192 113633
2889 108197 113638
2890 108198 113621
2891 108177 113624
2892 108144 113616
2893 108150 113590
2894 108153 113587
2895 108171 113635
2896 108204 113612
2897 108203 113599
2898 108234 113666
2899 108209 113635
2900 108219 113661
2901 108210 113635
2902 108197 113632
2903 108162 113626
2904 108211 113649
2905 108224 113639
2906 108244 113650
2907 108246 113680
2908 108272 113681
2909 108215 113663
2910 108210 113632
2911 108228 113641
2912 108249 113673
2913 108271 113721
2914 108259 113716
2915 108232 113665
2916 108216 113627
2917 108189 113593
2918 108212 113613
2919 108189 113616
2920 108211 113649
2921 108179 113633
2922 108159 113571
2923 108141 113559
2924 108133 113532
2925 108114 113501
2926 108120 113523
2927 108082 113528
2928 108072 113528
2929 108077 113521
2930 108068 113511
2931 108100 113527
2932 108073 113523
2933 108038 113457
2934 108014 113425
2935 108004 113415
2936 108010 113445
2937 108011 113430
2938 107984 113414
2939 108013 113430
2940 108011 113418
2941 108052 113469
2942 108017 113461
2943 108044 113476
2944 108018 113446
2945 108045 113469
2946 108058 113503
2947 108050 113501
2948 108052 113489
2949 108043 113466
2950 108055 113495
2951 108066 113495
2952 108066 113501
2953 108048 113463
2954 108037 113447
2955 108020 113481
2956 108054 113488
2957 107977 113393
2958 107984 113393
2959 107946 113365
2960 107927 113348
2961 107965 113373
2962 107991 113412
2963 107980 113405
2964 107968 113388
2965 107992 113439
2966 108016 113445
2967 107998 113468
2968 108060 113497
2969 108040 113506
2970 108033 113459
2971 107998 113407
2972 108031 113448
2973 108021 113458
2974 108034 113443
2975 108082 113480
2976 108040 113463
2977 108040 113477
2978 108023 113452
2979 108003 113435
2980 107989 113442
2981 107952 113400
2982 107987 113420
2983 108013 113436
2984 108052 113470
2985 108050 113490
2986 108053 113472
2987 108034 113468
2988 108024 113493
2989 108023 113464
2990 108001 113466
2991 108033 113493
2992 108028 113490
2993 108053 113490
2994 108020 113453
2995 108053 113496
2996 108032 113475
2997 108084 113502
2998 108060 113462
2999 108063 113500
3000 108048 113452
3001 108053 113465
3002 108086 113480
3003 108086 113516
3004 108078 113481
3005 108090 113486
3006 108087 113494
3007 108076 113522
3008 108117 113543
3009 108150 113593
3010 108129 113597
3011 108148 113602
3012 108164 113637
3013 108156 113591
3014 108109 113514
3015 108096 113526
3016 108144 113566
3017 108163 113568
3018 108149 113582
3019 108134 113572
3020 108154 113547
3021 108119 113525
3022 108109 113558
3023 108105 113563
3024 108091 113510
3025 108098 113512
3026 108119 113548
3027 108155 113589
3028 108146 113577
3029 108131 113558
3030 108105 113507
3031 108151 113570
3032 108163 113594
3033 108160 113585
3034 108146 113606
3035 108203 113635
3036 108191 113622
3037 108162 113592
3038 108146 113592
3039 108169 113606
3040 108190 113637
3041 108210 113648
3042 108159 113597
3043 108185 113589
3044 108181 113622
3045 108184 113596
3046 108122 113536
3047 108107 113529
3048 108093 113533
3049 108106 113554
3050 108087 113534
3051 108068 113508
3052 108084 113512
3053 108081 113544
3054 108065 113531
3055 108101 113564
3056 108099 113543
3057 108083 113532
3058 108072 113490
3059 108101 113509
3060 108136 113526
3061 108098 113512
3062 108090 113539
3063 108099 113515
3064 108120 113533
3065 108125 113531
3066 108154 113559
3067 108151 113555
3068 108146 113577
3069 108165 113580
3070 108152 113625
3071 108122 113558
3072 108167 113580
3073 108183 113594
3074 108175 113573
3075 108178 113602
3076 108172 113597
3077 108162 113574
3078 108145 113588
3079 108157 113588
3080 108172 113602
3081 108141 113571
3082 108156 113567
3083 108125 113561
3084 108116 113552
3085 108080 113560
3086 108100 113528
3087 108120 113539
3088 108061 113513
3089 108028 113441
3090 108059 113461
3091 108049 113464
3092 108046 113450
3093 108049 113460
3094 108068 113476
3095 108062 113472
3096 108043 113489
3097 108030 113491
3098 108041 113474
3099 108046 113449
3100 108031 113423
3101 108040 113485
3102 108052 113502
3103 108069 113491
3104 108033 113440
3105 108036 113443
3106 108086 113508
3107 108050 113470
3108 108069 113494
3109 108043 113458
3110 108051 113466
3111 108049 113465
3112 108063 113496
3113 108046 113481
3114 108069 113520
3115 108073 113521
3116 108049 113503
3117 108052 113502
3118 108061 113508
3119 108079 113524
3120 108091 113548
3121 108042 113513
3122 108043 113502
3123 108063 113497
3124 108095 113489
3125 108100 113502
3126 108058 113507
3127 108107 113548
3128 108064 113537
3129 108042 113489
3130 108014 113445
3131 108011 113450
3132 108029 113474
3133 108016 113449
3134 108022 113452
3135 108033 113446
3136 107999 113420
3137 108010 113447
3138 108045 113503
3139 108072 113522
3140 108065 113505
3141 108042 113460
3142 108025 113435
3143 107995 113433
3144 107971 113435
3145 107968 113392
3146 107968 113371
3147 107969 113398
3148 108021 113465
3149 108012 113431
3150 108005 113443
3151 108018 113454
3152 108042 113481
3153 108076 113504
3154 108082 113502
3155 108070 113495
3156 108107 113523
3157 108104 113529
3158 108122 113546
3159 108122 113546
3160 108119 113554
3161 108094 113530
3162 108090 113526
3163 108072 113521
3164 108063 113519
3165 108066 113510
3166 108048 113468
3167 108074 113484
3168 108036 113465
3169 108039 113442
3170 108018 113432
3171 107995 113411
3172 107986 113430
3173 108027 113444
3174 108011 113439
3175 108021 113425
3176 108018 113460
3177 108043 113493
3178 108078 113520
3179 108055 113541
3180 108069 113535
3181 108130 113554
3182 108083 113526
3183 108051 113452
3184 108018 113425
3185 108018 113452
3186 108004 113432
3187 107997 113403
3188 107948 113392
3189 107948 113382
3190 107905 113339
3191 107909 113318
3192 107909 113353
3193 107929 113368
3194 107937 113329
3195 107926 113322
3196 107932 113335
3197 107921 113361
3198 107953 113372
3199 107943 113378
3200 107949 113400
3201 107966 113388
3202 107966 113395
3203 107945 113388
3204 107930 113369
3205 107906 113347
3206 107906 113320
3207 107931 113337
3208 107936 113360
3209 107947 113348
3210 107972 113389
3211 107981 113406
3212 107973 113372
3213 107965 113402
3214 107988 113423
3215 107997 113435
3216 107981 113387
3217 107991 113395
3218 107981 113392
3219 108012 113432
3220 108009 113432
3221 108048 113479
3222 108039 113478
3223 108045 113482
3224 108065 113528
3225 108117 113588
3226 108103 113552
3227 108097 113546
3228 108055 113499
3229 108064 113502
3230 108042 113471
3231 108074 113498
3232 107998 113412
3233 107963 113362
3234 107981 113390
3235 107994 113438
3236 107978 113403
3237 107936 113370
3238 107942 113362
3239 107923 113352
3240 107976 113396
3241 107970 113399
3242 107975 113408
3243 107996 113444
3244 107973 113415
3245 107977 113419
3246 107960 113418
3247 107964 113387
3248 107982 113400
3249 108007 113449
3250 107992 113454
3251 107986 113432
3252 107999 113431
3253 107994 113464
3254 107981 113419
3255 107969 113401
3256 107971 113365
3257 107982 113414
3258 107987 113429
3259 107995 113425
3260 108006 113449
3261 108004 113427
3262 107996 113425
3263 107992 113413
3264 107970 113420
3265 107992 113412
3266 107985 113429
3267 107945 113433
3268 107949 113401
3269 107978 113424
3270 107936 113371
3271 107941 113394
3272 107923 113361
3273 107947 113366
3274 107945 113392
3275 107936 113370
3276 107925 113360
3277 107924 113351
3278 107944 113383
3279 107999 113444
3280 107992 113442
3281 108002 113418
3282 107960 113370
3283 107975 113384
3284 107986 113405
3285 107974 113399
3286 107939 113377
3287 107948 113366
3288 107904 113342
3289 107861 113277
3290 107849 113288
3291 107867 113279
3292 107923 113362
3293 107967 113396
3294 107961 113390
3295 108022 113432
3296 108054 113472
3297 108028 113455
3298 108078 113486
3299 108106 113540
3300 108085 113550
3301 108133 113571
3302 108126 113569
3303 108071 113526
3304 108077 113493
3305 108095 113504
3306 108074 113488
3307 108080 113477
3308 108098 113507
3309 108125 113556
3310 108162 113621
3311 108133 113584
3312 108137 113551
3313 108154 113575
3314 108167 113620
3315 108190 113606
3316 108170 113606
3317 108202 113625
3318 108187 113631
3319 108161 113604
3320 108099 113562
3321 108099 113524
3322 108088 113560
3323 108091 113529
3324 108027 113481
3325 108082 113486
3326 108105 113513
3327 108122 113573
3328 108129 113574
3329 108110 113521
3330 108106 113513
3331 108143 113592
3332 108177 113631
3333 108195 113628
3334 108183 113598
3335 108176 113594
3336 108198 113665
3337 108241 113686
3338 108246 113652
3339 108194 113648
3340 108156 113590
3341 108149 113621
3342 108178 113632
3343 108170 113633
3344 108163 113639
3345 108190 113620
3346 108176 113605
3347 108176 113641
3348 108217 113670
3349 108221 113661
3350 108215 113675
3351 108219 113647
3352 108164 113585
3353 108209 113603
3354 108190 113599
3355 108178 113572
3356 108189 113587
3357 108186 113590
3358 108188 113643
3359 108176 113585
3360 108145 113567
3361 108147 113576
3362 108163 113561
3363 108159 113568
3364 108173 113590
3365 108196 113634
3366 108162 113621
3367 108187 113604
3368 108211 113674
3369 108204 113630
3370 108255 113695
3371 108235 113689
3372 108229 113662
3373 108271 113721
3374 108227 113688
3375 108239 113687
3376 108246 113660
3377 108267 113711
3378 108251 113694
3379 108314 113760
3380 108328 113750
3381 108347 113791
3382 108298 113756
3383 108325 113765
3384 108316 113752
3385 108291 113709
3386 108303 113731
3387 108299 113713
3388 108319 113741
3389 108290 113727
3390 108304 113747
3391 108316 113731
3392 108343 113753
3393 108312 113744
3394 108314 113749
3395 108342 113771
3396 108350 113758
3397 108398 113824
3398 108360 113781
3399 108410 113842
3400 108377 113818
3401 108392 113818
3402 108372 113789
3403 108394 113809
3404 108399 113817
3405 108393 113820
3406 108411 113825
3407 108377 113822
3408 108353 113781
3409 108382 113794
3410 108394 113806
3411 108388 113823
3412 108358 113800
3413 108365 113787
3414 108368 113795
3415 108396 113823
3416 108388 113796
3417 108435 113873
3418 108428 113863
3419 108437 113867
3420 108470 113865
3421 108484 113875
3422 108480 113899
3423 108439 113869
3424 108440 113871
3425 108385 113855
3426 108404 113829
3427 108401 113821
3428 108421 113862
3429 108403 113812
3430 108402 113828
3431 108419 113856
3432 108386 113835
3433 108397 113807
3434 108413 113841
3435 108429 113864
3436 108442 113899
3437 108396 113813
3438 108345 113790
3439 108360 113785
3440 108374 113811
3441 108357 113791
3442 108374 113798
3443 108360 113800
3444 108366 113765
3445 108350 113761
3446 108313 113756
3447 108311 113749
3448 108325 113770
3449 108344 113764
3450 108347 113762
3451 108330 113776
3452 108343 113776
3453 108362 113820
3454 108348 113789
3455 108379 113785
3456 108400 113818
3457 108402 113853
3458 108415 113856
3459 108359 113801
3460 108378 113788
3461 108360 113755
3462 108364 113781
3463 108368 113770
3464 108366 113793
3465 108405 113795
3466 108368 113788
3467 108365 113809
3468 108372 113807
3469 108389 113783
3470 108378 113820
3471 108335 113788
3472 108363 113773
3473 108377 113802
3474 108383 113807
3475 108397 113847
3476 108374 113814
3477 108419 113846
3478 108437 113867
3479 108436 113839
3480 108428 113888
3481 108438 113842
3482 108448 113860
3483 108458 113895
3484 108509 113918
3485 108503 113907
3486 108504 113934
3487 108488 113912
3488 108451 113904
3489 108437 113854
3490 108409 113851
3491 108430 113836
3492 108435 113850
3493 108498 113923
3494 108489 113919
3495 108521 113929
3496 108500 113958
3497 108528 113913
3498 108538 113950
3499 108525 113931
3500 108512 113932
3501 108510 113890
3502 108494 113899
3503 108501 113935
3504 108485 113896
3505 108448 113864
3506 108463 113886
3507 108470 113883
3508 108521 113950
3509 108493 113889
3510 108447 113868
3511 108467 113907
3512 108512 113936
3513 108459 113878
3514 108455 113892
3515 108456 113866
3516 108470 113873
3517 108426 113880
3518 108440 113872
3519 108477 113897
3520 108513 113924
3521 108508 113908
3522 108471 113910
3523 108471 113909
3524 108471 113885
3525 108484 113914
3526 108518 113918
3527 108541 113909
3528 108534 113936
3529 108510 113943
3530 108504 113934
3531 108498 113904
3532 108521 113914
3533 108488 113880
3534 108464 113890
3535 108495 113904
3536 108467 113888
3537 108436 113866
3538 108448 113890
3539 108453 113879
3540 108455 113883
3541 108469 113855
3542 108503 113898
3543 108493 113911
3544 108474 113907
3545 108484 113911
3546 108496 113934
3547 108498 113915
3548 108507 113929
3549 108509 113930
3550 108540 113951
3551 108507 113929
3552 108492 113904
3553 108496 113934
3554 108479 113918
3555 108468 113911
3556 108474 113930
3557 108457 113875
3558 108512 113910
3559 108485 113948
3560 108403 113856
3561 108403 113810
3562 108404 113815
3563 108401 113821
3564 108366 113782
3565 108395 113820
3566 108392 113809
3567 108404 113816
3568 108380 113801
3569 108374 113785
3570 108349 113789
3571 108332 113750
3572 108334 113737
3573 108323 113760
3574 108331 113742
3575 108359 113753
3576 108367 113760
3577 108384 113807
3578 108422 113831
3579 108428 113819
3580 108452 113861
3581 108477 113893
3582 108445 113863
3583 108408 113848
3584 108420 113877
3585 108395 113801
3586 108362 113771
3587 108325 113722
3588 108341 113747
3589 108395 113831
3590 108404 113852
3591 108416 113877
3592 108423 113847
3593 108412 113882
3594 108426 113860
3595 108416 113845
3596 108447 113881
3597 108432 113842
3598 108423 113838
3599 108405 113846
3600 108419 113853
3601 108406 113848
3602 108380 113788
3603 108372 113799
3604 108408 113802
3605 108429 113861
3606 108463 113854
3607 108439 113835
3608 108433 113853
3609 108397 113841
3610 108451 113865
3611 108412 113812
3612 108405 113824
3613 108425 113839
3614 108410 113857
3615 108390 113843
3616 108370 113830
3617 108361 113812
3618 108367 113812
3619 108362 113812
3620 108384 113811
3621 108355 113785
3622 108353 113777
3623 108335 113732
3624 108321 113733
3625 108311 113770
3626 108287 113711
3627 108322 113720
3628 108253 113687
3629 108233 113681
3630 108228 113689
3631 108230 113678
3632 108266 113688
3633 108218 113651
3634 108265 113705
3635 108246 113688
3636 108290 113700
3637 108311 113708
3638 108280 113711
3639 108290 113748
3640 108316 113727
3641 108299 113723
3642 108340 113749
3643 108343 113753
3644 108286 113737
3645 108307 113719
3646 108320 113730
3647 108319 113713
3648 108291 113688
3649 108334 113751
3650 108342 113765
3651 108329 113735
3652 108319 113743
3653 108328 113750
3654 108355 113766
3655 108361 113771
3656 108331 113738
3657 108355 113757
3658 108346 113773
3659 108351 113768
3660 108365 113798
3661 108367 113787
3662 108360 113768
3663 108359 113780
3664 108346 113801
3665 108366 113804
3666 108376 113809
3667 108358 113786
3668 108330 113792
3669 108342 113788
3670 108382 113823
3671 108377 113801
3672 108424 113834
3673 108426 113855
3674 108487 113908
3675 108483 113923
3676 108450 113888
3677 108494 113907
3678 108501 113906
3679 108514 113944
3680 108553 113998
3681 108574 113999
3682 108571 113980
3683 108545 113964
3684 108579 113988
3685 108590 114010
3686 108608 114053
3687 108604 114033
3688 108621 114045
3689 108629 114063
3690 108632 114077
3691 108645 114068
3692 108675 114127
3693 108657 114068
3694 108624 114041
3695 108612 114035
3696 108585 114059
3697 108595 114038
3698 108587 113980
3699 108582 114007
3700 108589 113979
3701 108578 114000
3702 108594 114023
3703 108582 113967
3704 108583 113998
3705 108565 113978
3706 108557 114007
3707 108556 113975
3708 108530 113939
3709 108502 113943
3710 108512 113957
3711 108522 113948
3712 108528 113957
3713 108544 113968
3714 108536 113967
3715 108569 113978
3716 108548 113973
3717 108575 114000
3718 108525 113937
3719 108515 113929
3720 108494 113915
3721 108510 113902
3722 108499 113863
3723 108499 113902
3724 108497 113917
3725 108489 113925
3726 108524 113990
3727 108549 113975
3728 108577 113987
3729 108564 114002
3730 108544 113995
3731 108612 114042
3732 108593 114023
3733 108579 114028
3734 108560 114033
3735 108564 113985
3736 108559 113998
3737 108580 114013
3738 108616 114050
3739 108627 114060
3740 108601 114041
3741 108611 114069
3742 108594 114024
3743 108593 114030
3744 108599 114038
3745 108600 114038
3746 108592 114020
3747 108629 114040
3748 108623 114048
3749 108607 114050
3750 108603 114035
3751 108574 113981
3752 108616 114008
3753 108608 114011
3754 108626 114015
3755 108578 113998
3756 108581 113994
3757 108551 113968
3758 108538 113954
3759 108542 113947
3760 108509 113930
3761 108523 113982
3762 108568 113986
3763 108547 113989
3764 108525 113962
3765 108507 113943
3766 108480 113908
3767 108512 113932
3768 108511 113914
3769 108546 113968
3770 108544 113955
3771 108521 113960
3772 108502 113958
3773 108519 113952
3774 108508 113906
3775 108531 113971
3776 108538 113940
3777 108566 113974
3778 108564 113998
3779 108558 113975
3780 108540 114006
3781 108556 114032
3782 108566 114005
3783 108591 114022
3784 108555 114018
3785 108568 113998
3786 108577 114010
3787 108577 114028
3788 108569 113977
3789 108611 114000
3790 108632 114062
3791 108632 114094
3792 108661 114146
3793 108645 114117
3794 108671 114112
3795 108670 114108
3796 108628 114039
3797 108603 113990
3798 108604 114024
3799 108626 114058
3800 108599 114017
3801 108624 114063
3802 108661 114097
3803 108646 114087
3804 108677 114134
3805 108646 114085
3806 108647 114074
3807 108720 114132
3808 108727 114136
3809 108674 114089
3810 108701 114113
3811 108686 114100
3812 108677 114071
3813 108683 114115
3814 108656 114091
3815 108686 114108
3816 108695 114128
3817 108740 114187
3818 108710 114134
3819 108735 114142
3820 108755 114170
3821 108739 114164
3822 108786 114181
3823 108779 114219
3824 108766 114239
3825 108804 114227
3826 108814 114266
3827 108807 114232
3828 108874 114283
3829 108915 114312
3830 108910 114313
3831 108930 114354
3832 108944 114378
3833 108918 114381
3834 108936 114357
3835 108982 114404
3836 108979 114381
3837 108968 114381
3838 109018 114429
3839 109025 114476
3840 109084 114517
3841 109074 114524
3842 109085 114522
3843 109112 114521
3844 109104 114532
3845 109109 114541
3846 109100 114557
3847 109050 114469
3848 109082 114505
3849 109095 114532
3850 109059 114491
3851 109090 114505
3852 109107 114510
3853 109074 114495
3854 109075 114503
3855 109065 114475
3856 109078 114494
3857 109095 114528
3858 109069 114535
3859 109076 114518
3860 109046 114468
3861 108982 114395
3862 108990 114399
3863 109016 114429
3864 109013 114459
3865 108971 114426
3866 109023 114473
3867 108997 114442
3868 109041 114436
3869 109043 114479
3870 109041 114451
3871 109003 114429
3872 108983 114445
3873 109009 114465
3874 109021 114463
3875 109075 114510
3876 109000 114456
3877 109054 114489
3878 109057 114460
3879 109053 114464
3880 109053 114463
3881 109032 114463
3882 109048 114447
3883 109021 114420
3884 109080 114489
3885 109082 114533
3886 109025 114502
3887 109032 114469
3888 109041 114474
3889 109043 114474
3890 109003 114419
3891 109014 114443
3892 109020 114445
3893 109015 114416
3894 109031 114481
3895 109025 114466
3896 109008 114478
3897 109017 114480
3898 109038 114505
3899 109026 114490
3900 109036 114469
3901 109028 114432
3902 108973 114415
3903 108975 114405
3904 108954 114380
3905 108954 114416
3906 108993 114464
3907 108999 114446
3908 109002 114436
3909 108969 114430
3910 108917 114350
3911 108931 114384
3912 108920 114331
3913 108935 114354
3914 108963 114393
3915 108972 114395
3916 108935 114359
3917 108924 114350
3918 108941 114371
3919 108924 114348
3920 108894 114299
3921 108868 114262
3922 108825 114243
3923 108847 114269
3924 108848 114260
3925 108818 114241
3926 108844 114285
3927 108802 114281
3928 108828 114250
3929 108809 114259
3930 108835 114311
3931 108836 114275
3932 108811 114270
3933 108825 114257
3934 108857 114275
3935 108857 114257
3936 108864 114289
3937 108870 114324
3938 108892 114332
3939 108920 114342
3940 108956 114368
3941 108918 114353
3942 108927 114386
3943 108917 114353
3944 108895 114341
3945 108903 114345
3946 108876 114321
3947 108875 114295
3948 108866 114276
3949 108841 114268
3950 108832 114261
3951 108827 114229
3952 108788 114216
3953 108785 114248
3954 108769 114229
3955 108734 114155
3956 108742 114197
3957 108763 114205
3958 108798 114242
3959 108820 114264
3960 108797 114252
3961 108779 114249
3962 108789 114229
3963 108835 114285
3964 108792 114219
3965 108791 114204
3966 108770 114230
3967 108783 114226
3968 108777 114220
3969 108739 114163
3970 108745 114161
3971 108733 114140
3972 108721 114140
3973 108735 114160
3974 108740 114176
3975 108689 114144
3976 108675 114122
3977 108666 114092
3978 108690 114117
3979 108700 114127
3980 108686 114103
3981 108691 114141
3982 108699 114114
3983 108703 114137
3984 108687 114105
3985 108690 114101
3986 108665 114104
3987 108665 114093
3988 108686 114141
3989 108675 114130
3990 108640 114130
3991 108675 114134
3992 108674 114138
3993 108670 114099
3994 108677 114119
3995 108639 114097
3996 108669 114133
3997 108709 114141
3998 108645 114077
3999 108685 114093
4000 108693 114122
4001 108711 114142
4002 108705 114119
4003 108715 114132
4004 108730 114158
4005 108727 114150
4006 108743 114185
4007 108715 114118
4008 108721 114150
4009 108770 114204
4010 108802 114224
4011 108819 114248
4012 108825 114267
4013 108777 114221
4014 108771 114199
4015 108808 114230
4016 108789 114228
4017 108776 114216
4018 108811 114247
4019 108818 114288
4020 108796 114252
4021 108782 114237
4022 108796 114257
4023 108798 114234
4024 108766 114185
4025 108796 114199
4026 108798 114215
4027 108800 114233
4028 108802 114232
4029 108873 114293
4030 108860 114279
4031 108871 114321
4032 108873 114276
4033 108854 114296
4034 108865 114243
4035 108867 114300
4036 108865 114282
4037 108894 114321
4038 108865 114313
4039 108843 114293
4040 108825 114261
4041 108823 114257
4042 108806 114233
4043 108803 114212
4044 108772 114215
4045 108772 114224
4046 108764 114215
4047 108784 114246
4048 108793 114236
4049 108746 114194
4050 108764 114233
4051 108764 114202
4052 108749 114238
4053 108737 114198
4054 108758 114202
4055 108769 114224
4056 108780 114218
4057 108794 114227
4058 108779 114243
4059 108765 114213
4060 108707 114144
4061 108769 114212
4062 108795 114231
4063 108820 114281
4064 108834 114314
4065 108859 114266
4066 108812 114244
4067 108825 114265
4068 108819 114275
4069 108788 114253
4070 108840 114274
4071 108811 114265
4072 108829 114241
4073 108815 114252
4074 108827 114258
4075 108786 114228
4076 108807 114250
4077 108793 114256
4078 108765 114213
4079 108777 114201
4080 108771 114193
4081 108723 114156
4082 108664 114124
4083 108681 114087
4084 108689 114139
4085 108666 114120
4086 108687 114116
4087 108670 114065
4088 108603 114055
4089 108589 114029
4090 108561 114017
4091 108526 113980
4092 108540 113973
4093 108553 113992
4094 108527 113980
4095 108532 113987
4096 108508 113952
4097 108481 113929
4098 108482 113917
4099 108454 113905
4100 108394 113873
4101 108340 113786
4102 108356 113790
4103 108330 113784
4104 108341 113797
4105 108346 113781
4106 108345 113765
4107 108362 113793
4108 108369 113804
4109 108351 113766
4110 108343 113767
4111 108378 113817
4112 108370 113789
4113 108379 113812
4114 108401 113839
4115 108374 113798
4116 108401 113820
4117 108375 113824
4118 108390 113819
4119 108362 113792
4120 108325 113788
4121 108316 113788
4122 108278 113728
4123 108268 113680
4124 108279 113659
4125 108305 113726
4126 108234 113705
4127 108252 113711
4128 108248 113689
4129 108239 113699
4130 108208 113652
4131 108247 113676
4132 108238 113663
4133 108218 113641
4134 108220 113647
4135 108217 113650
4136 108228 113660
4137 108219 113678
4138 108228 113666
4139 108232 113689
4140 108196 113671
4141 108215 113675
4142 108257 113694
4143 108247 113675
4144 108237 113694
4145 108268 113682
4146 108224 113651
4147 108179 113597
4148 108205 113628
4149 108194 113632
4150 108190 113626
4151 108201 113646
4152 108254 113682
4153 108256 113658
4154 108237 113676
4155 108259 113690
4156 108253 113717
4157 108276 113708
4158 108285 113747
4159 108252 113713
4160 108269 113695
4161 108253 113674
4162 108274 113734
4163 108268 113710
4164 108257 113691
4165 108248 113673
4166 108207 113632
4167 108213 113636
4168 108199 113621
4169 108207 113628
4170 108183 113617
4171 108182 113646
4172 108239 113668
4173 108244 113673
4174 108236 113665
4175 108236 113684
4176 108229 113662
4177 108244 113655
4178 108234 113663
4179 108235 113637
4180 108261 113667
4181 108247 113644
4182 108250 113652
4183 108217 113619
4184 108222 113622
4185 108176 113609
4186 108180 113607
4187 108184 113603
4188 108215 113621
4189 108244 113648
4190 108239 113681
4191 108230 113709
4192 108254 113664
4193 108284 113715
4194 108276 113691
4195 108319 113730
4196 108336 113708
4197 108302 113733
4198 108377 113791
4199 108309 113736
4200 108315 113705
4201 108360 113785
4202 108384 113820
4203 108358 113783
4204 108360 113776
4205 108384 113806
4206 108354 113775
4207 108344 113801
4208 108315 113734
4209 108346 113781
4210 108358 113800
4211 108377 113796
4212 108373 113813
4213 108356 113772
4214 108390 113806
4215 108389 113824
4216 108381 113830
4217 108347 113779
4218 108370 113767
4219 108363 113796
4220 108355 113783
4221 108388 113803
4222 108391 113815
4223 108363 113776
4224 108354 113766
4225 108366 113800
4226 108404 113825
4227 108397 113845
4228 108440 113869
4229 108423 113833
4230 108390 113830
4231 108364 113804
4232 108358 113793
4233 108334 113782
4234 108328 113748
4235 108301 113749
4236 108325 113764
4237 108362 113793
4238 108341 113783
4239 108348 113789
4240 108342 113769
4241 108307 113735
4242 108304 113753
4243 108298 113778
4244 108325 113807
4245 108356 113791
4246 108298 113757
4247 108329 113747
4248 108300 113739
4249 108335 113748
4250 108332 113778
4251 108336 113796
4252 108389 113840
4253 108369 113839
4254 108339 113795
4255 108352 113783
4256 108363 113809
4257 108382 113808
4258 108369 113827
4259 108381 113826
4260 108369 113812
4261 108313 113758
4262 108283 113716
4263 108248 113684
4264 108235 113698
4265 108235 113671
4266 108248 113689
4267 108239 113695
4268 108279 113721
4269 108246 113719
4270 108294 113755
4271 108300 113729
4272 108307 113736
4273 108327 113780
4274 108391 113817
4275 108362 113790
4276 108376 113787
4277 108354 113793
4278 108347 113766
4279 108368 113817
4280 108358 113795
4281 108373 113757
4282 108355 113780
4283 108378 113786
4284 108382 113812
4285 108370 113788
4286 108389 113799
4287 108388 113827
4288 108390 113807
4289 108411 113816
4290 108384 113801
4291 108433 113835
4292 108453 113875
4293 108451 113845
4294 108449 113896
4295 108412 113846
4296 108383 113833
4297 108342 113784
4298 108376 113804
4299 108378 113791
4300 108403 113810
4301 108395 113799
4302 108386 113837
4303 108404 113856
4304 108399 113860
4305 108404 113830
4306 108391 113834
4307 108421 113847
4308 108429 113842
4309 108463 113887
4310 108475 113886
4311 108520 113954
4312 108502 113920
4313 108468 113901
4314 108503 113916
4315 108461 113896
4316 108479 113909
4317 108457 113887
4318 108449 113876
4319 108484 113900
4320 108496 113943
4321 108476 113942
4322 108495 113926
4323 108509 113948
4324 108483 113934
4325 108501 113931
4326 108480 113922
4327 108497 113910
4328 108508 113940
4329 108516 113947
4330 108507 113938
4331 108468 113897
4332 108486 113914
4333 108527 113940
4334 108497 113921
4335 108468 113911
4336 108481 113901
4337 108456 113902
4338 108438 113871
4339 108405 113845
4340 108385 113800
4341 108360 113804
4342 108388 113820
4343 108399 113808
4344 108384 113812
4345 108371 113802
4346 108343 113767
4347 108384 113816
4348 108408 113827
4349 108425 113849
4350 108378 113810
4351 108388 113830
4352 108386 113817
4353 108338 113779
4354 108342 113769
4355 108337 113772
4356 108332 113762
4357 108340 113753
4358 108320 113750
4359 108329 113768
4360 108334 113778
4361 108363 113785
4362 108373 113811
4363 108405 113807
4364 108404 113843
4365 108393 113824
4366 108412 113832
4367 108381 113788
4368 108329 113770
4369 108346 113792
4370 108360 113801
4371 108388 113819
4372 108418 113855
4373 108431 113897
4374 108457 113892
4375 108429 113848
4376 108399 113833
4377 108434 113830
4378 108458 113898
4379 108484 113928
4380 108448 113895
4381 108426 113874
4382 108442 113878
4383 108454 113860
4384 108424 113857
4385 108387 113826
4386 108363 113763
4387 108377 113801
4388 108384 113828
4389 108371 113820
4390 108368 113804
4391 108370 113813
4392 108363 113792
4393 108362 113804
4394 108399 113792
4395 108381 113806
4396 108396 113834
4397 108405 113818
4398 108345 113754
4399 108388 113828
4400 108361 113823
4401 108363 113844
4402 108360 113806
4403 108386 113827
4404 108387 113798
4405 108340 113807
4406 108347 113806
4407 108354 113801
4408 108365 113792
4409 108341 113770
4410 108347 113765
4411 108329 113748
4412 108350 113777
4413 108389 113788
4414 108373 113823
4415 108396 113792
4416 108383 113785
4417 108411 113801
4418 108405 113836
4419 108412 113851
4420 108402 113849
4421 108464 113899
4422 108493 113929
4423 108516 113947
4424 108529 113941
4425 108573 113998
4426 108559 113977
4427 108559 113990
4428 108527 113954
4429 108546 113965
4430 108558 113987
4431 108623 114068
4432 108602 114032
4433 108608 114030
4434 108615 114020
4435 108615 114041
4436 108633 114070
4437 108574 114018
4438 108587 114031
4439 108546 113999
4440 108534 113969
4441 108507 113964
4442 108512 113962
4443 108504 113933
4444 108496 113922
4445 108466 113854
4446 108451 113857
4447 108525 113931
4448 108535 113947
4449 108565 113988
4450 108539 113955
4451 108584 113985
4452 108528 113969
4453 108549 113931
4454 108564 113999
4455 108532 113953
4456 108582 114007
4457 108583 113992
4458 108584 114036
4459 108609 114033
4460 108637 114063
4461 108646 114065
4462 108671 114092
4463 108682 114070
4464 108698 114091
4465 108719 114093
4466 108746 114133
4467 108747 114163
4468 108744 114145
4469 108737 114147
4470 108723 114129
4471 108743 114150
4472 108716 114129
4473 108744 114144
4474 108753 114151
4475 108752 114143
4476 108724 114156
4477 108726 114158
4478 108755 114193
4479 108797 114231
4480 108835 114266
4481 108868 114310
4482 108880 114309
4483 108865 114288
4484 108876 114288
4485 108916 114337
4486 108938 114385
4487 108921 114384
4488 108921 114334
4489 108899 114308
4490 108913 114354
4491 108922 114346
4492 108955 114376
4493 108957 114377
4494 108964 114392
4495 108951 114379
4496 108968 114392
4497 108932 114358
4498 108942 114393
4499 108943 114386
4500 108988 114405
4501 108964 114418
