2.500000e-02 1.958692e+00
7.500000e-02 1.881299e+00
1.250000e-01 1.722841e+00
1.750000e-01 1.578494e+00
2.250000e-01 1.448518e+00
2.750000e-01 1.329250e+00
3.250000e-01 1.221274e+00
3.750000e-01 1.125133e+00
4.250000e-01 1.034642e+00
4.750000e-01 9.526813e-01
5.250000e-01 8.776906e-01
5.750000e-01 8.086623e-01
6.250000e-01 7.442410e-01
6.750000e-01 6.852362e-01
7.250000e-01 6.315153e-01
7.750000e-01 5.821650e-01
8.250000e-01 5.365052e-01
8.750000e-01 4.943622e-01
9.250000e-01 4.556326e-01
9.750000e-01 4.204106e-01
1.025000e+00 3.876910e-01
1.075000e+00 3.575730e-01
1.125000e+00 3.299873e-01
1.175000e+00 3.042377e-01
1.225000e+00 2.808390e-01
1.275000e+00 2.593067e-01
1.325000e+00 2.392541e-01
1.375000e+00 2.209076e-01
1.425000e+00 2.041038e-01
1.475000e+00 1.886597e-01
1.525000e+00 1.744677e-01
1.575000e+00 1.612762e-01
1.625000e+00 1.492163e-01
1.675000e+00 1.380565e-01
1.725000e+00 1.279043e-01
1.775000e+00 1.186041e-01
1.825000e+00 1.100693e-01
1.875000e+00 1.021277e-01
1.925000e+00 9.486360e-02
1.975000e+00 8.823914e-02
2.025000e+00 8.212811e-02
2.075000e+00 7.652752e-02
2.125000e+00 7.141142e-02
2.175000e+00 6.668936e-02
2.225000e+00 6.238593e-02
2.275000e+00 5.835468e-02
2.325000e+00 5.470129e-02
2.375000e+00 5.135693e-02
2.425000e+00 4.825131e-02
2.475000e+00 4.543951e-02
2.525000e+00 4.282973e-02
2.575000e+00 4.042680e-02
2.625000e+00 3.820455e-02
2.675000e+00 3.613595e-02
2.725000e+00 3.425583e-02
2.775000e+00 3.249474e-02
2.825000e+00 3.087447e-02
2.875000e+00 2.937934e-02
2.925000e+00 2.800878e-02
2.975000e+00 2.669332e-02
3.025000e+00 2.549717e-02
3.075000e+00 2.436194e-02
3.125000e+00 2.334407e-02
3.175000e+00 2.236344e-02
3.225000e+00 2.144852e-02
3.275000e+00 2.060801e-02
3.325000e+00 1.981506e-02
3.375000e+00 1.904717e-02
3.425000e+00 1.836211e-02
3.475000e+00 1.770565e-02
3.525000e+00 1.708352e-02
3.575000e+00 1.648912e-02
3.625000e+00 1.591899e-02
3.675000e+00 1.539298e-02
3.725000e+00 1.491326e-02
3.775000e+00 1.445152e-02
3.825000e+00 1.400423e-02
3.875000e+00 1.358989e-02
3.925000e+00 1.319054e-02
3.975000e+00 1.279338e-02
4.025000e+00 1.243165e-02
4.075000e+00 1.208210e-02
4.125000e+00 1.176798e-02
4.175000e+00 1.145400e-02
4.225000e+00 1.114985e-02
4.275000e+00 1.085734e-02
4.325000e+00 1.057338e-02
4.375000e+00 1.032181e-02
4.425000e+00 1.006064e-02
4.475000e+00 9.811968e-03
4.525000e+00 9.586364e-03
4.575000e+00 9.367534e-03
4.625000e+00 9.147109e-03
4.675000e+00 8.938607e-03
4.725000e+00 8.730212e-03
4.775000e+00 8.538595e-03
4.825000e+00 8.353241e-03
4.875000e+00 8.165890e-03
4.925000e+00 7.990180e-03
4.975000e+00 7.812803e-03
5.025000e+00 7.650434e-03
5.075000e+00 7.493820e-03
5.125000e+00 7.332422e-03
5.175000e+00 7.183384e-03
5.225000e+00 7.041791e-03
5.275000e+00 6.893460e-03
5.325000e+00 6.760781e-03
5.375000e+00 6.621480e-03
5.425000e+00 6.495334e-03
5.475000e+00 6.373384e-03
5.525000e+00 6.252385e-03
5.575000e+00 6.128314e-03
5.625000e+00 6.016364e-03
5.675000e+00 5.897798e-03
5.725000e+00 5.784861e-03
5.775000e+00 5.682889e-03
5.825000e+00 5.574834e-03
5.875000e+00 5.483083e-03
5.925000e+00 5.376697e-03
5.975000e+00 5.282372e-03
6.025000e+00 5.191619e-03
6.075000e+00 5.094166e-03
6.125000e+00 5.006875e-03
6.175000e+00 4.915136e-03
6.225000e+00 4.830909e-03
6.275000e+00 4.750874e-03
6.325000e+00 4.666653e-03
6.375000e+00 4.578020e-03
6.425000e+00 4.502897e-03
6.475000e+00 4.430568e-03
6.525000e+00 4.351083e-03
6.575000e+00 4.278534e-03
6.625000e+00 4.206409e-03
6.675000e+00 4.139667e-03
6.725000e+00 4.070372e-03
6.775000e+00 4.005445e-03
6.825000e+00 3.941154e-03
6.875000e+00 3.879424e-03
6.925000e+00 3.811181e-03
6.975000e+00 3.758037e-03
7.025000e+00 3.695294e-03
7.075000e+00 3.632254e-03
7.125000e+00 3.576680e-03
7.175000e+00 3.523879e-03
7.225000e+00 3.472551e-03
7.275000e+00 3.415580e-03
7.325000e+00 3.361374e-03
7.375000e+00 3.312218e-03
7.425000e+00 3.256113e-03
7.475000e+00 3.209246e-03
7.525000e+00 3.157424e-03
7.575000e+00 3.109811e-03
7.625000e+00 3.064530e-03
7.675000e+00 3.020448e-03
7.725000e+00 2.977121e-03
7.775000e+00 2.927705e-03
7.825000e+00 2.885962e-03
7.875000e+00 2.840112e-03
7.925000e+00 2.796572e-03
7.975000e+00 2.754682e-03
8.025000e+00 2.714950e-03
8.075000e+00 2.676579e-03
8.125000e+00 2.633422e-03
8.175000e+00 2.593723e-03
8.225000e+00 2.558740e-03
8.275000e+00 2.520301e-03
8.325000e+00 2.484919e-03
8.375000e+00 2.449486e-03
8.425000e+00 2.413454e-03
8.475000e+00 2.377961e-03
8.525000e+00 2.342056e-03
8.575000e+00 2.306948e-03
8.625000e+00 2.278604e-03
8.675000e+00 2.244947e-03
8.725000e+00 2.213337e-03
8.775000e+00 2.181179e-03
8.825000e+00 2.149735e-03
8.875000e+00 2.119679e-03
8.925000e+00 2.089597e-03
8.975000e+00 2.059920e-03
9.025000e+00 2.029733e-03
9.075000e+00 2.000271e-03
9.125000e+00 1.971385e-03
9.175000e+00 1.942343e-03
9.225000e+00 1.917871e-03
9.275000e+00 1.891593e-03
9.325000e+00 1.865474e-03
9.375000e+00 1.837846e-03
9.425000e+00 1.814265e-03
9.475000e+00 1.787236e-03
9.525000e+00 1.763712e-03
9.575000e+00 1.740176e-03
9.625000e+00 1.716080e-03
9.675000e+00 1.694435e-03
9.725000e+00 1.668935e-03
9.775000e+00 1.644616e-03
9.825000e+00 1.623316e-03
9.875000e+00 1.602193e-03
9.925000e+00 1.578047e-03
9.975000e+00 1.556225e-03
1.002500e+01 1.535008e-03
1.007500e+01 1.515448e-03
1.012500e+01 1.494925e-03
1.017500e+01 1.472523e-03
1.022500e+01 1.453687e-03
1.027500e+01 1.432934e-03
1.032500e+01 1.415294e-03
1.037500e+01 1.393957e-03
1.042500e+01 1.373309e-03
1.047500e+01 1.354033e-03
1.052500e+01 1.335472e-03
1.057500e+01 1.317538e-03
1.062500e+01 1.299479e-03
1.067500e+01 1.281568e-03
1.072500e+01 1.263236e-03
1.077500e+01 1.245685e-03
1.082500e+01 1.230139e-03
1.087500e+01 1.212955e-03
1.092500e+01 1.197594e-03
1.097500e+01 1.182220e-03
1.102500e+01 1.164616e-03
1.107500e+01 1.149506e-03
1.112500e+01 1.132215e-03
1.117500e+01 1.115814e-03
1.122500e+01 1.100346e-03
1.127500e+01 1.084373e-03
1.132500e+01 1.067589e-03
1.137500e+01 1.052093e-03
1.142500e+01 1.036696e-03
1.147500e+01 1.021575e-03
1.152500e+01 1.007680e-03
1.157500e+01 9.933911e-04
1.162500e+01 9.797168e-04
1.167500e+01 9.642186e-04
1.172500e+01 9.480133e-04
1.177500e+01 9.341949e-04
1.182500e+01 9.201278e-04
1.187500e+01 9.045309e-04
1.192500e+01 8.906717e-04
1.197500e+01 8.756473e-04
1.202500e+01 8.621302e-04
1.207500e+01 8.483818e-04
1.212500e+01 8.341661e-04
1.217500e+01 8.198334e-04
1.222500e+01 8.072643e-04
1.227500e+01 7.937502e-04
1.232500e+01 7.809210e-04
1.237500e+01 7.698970e-04
1.242500e+01 7.564598e-04
1.247500e+01 7.430626e-04
1.252500e+01 7.308162e-04
1.257500e+01 7.179336e-04
1.262500e+01 7.061924e-04
1.267500e+01 6.938189e-04
1.272500e+01 6.810852e-04
1.277500e+01 6.688349e-04
1.282500e+01 6.573912e-04
1.287500e+01 6.451866e-04
1.292500e+01 6.334277e-04
1.297500e+01 6.222541e-04
1.302500e+01 6.120076e-04
1.307500e+01 6.008960e-04
1.312500e+01 5.908895e-04
1.317500e+01 5.801592e-04
1.322500e+01 5.715169e-04
1.327500e+01 5.606589e-04
1.332500e+01 5.499600e-04
1.337500e+01 5.416920e-04
1.342500e+01 5.316030e-04
1.347500e+01 5.223429e-04
1.352500e+01 5.129148e-04
1.357500e+01 5.031971e-04
1.362500e+01 4.938789e-04
1.367500e+01 4.858819e-04
1.372500e+01 4.771023e-04
1.377500e+01 4.678989e-04
1.382500e+01 4.594920e-04
1.387500e+01 4.507630e-04
1.392500e+01 4.426473e-04
1.397500e+01 4.352529e-04
1.402500e+01 4.275284e-04
1.407500e+01 4.198226e-04
1.412500e+01 4.116337e-04
1.417500e+01 4.039055e-04
1.422500e+01 3.952574e-04
1.427500e+01 3.884062e-04
1.432500e+01 3.810699e-04
1.437500e+01 3.742024e-04
1.442500e+01 3.676515e-04
1.447500e+01 3.612428e-04
1.452500e+01 3.547820e-04
1.457500e+01 3.479709e-04
1.462500e+01 3.418596e-04
1.467500e+01 3.343535e-04
1.472500e+01 3.285175e-04
1.477500e+01 3.222176e-04
1.482500e+01 3.164906e-04
1.487500e+01 3.105253e-04
1.492500e+01 3.044985e-04
1.497500e+01 2.988557e-04
1.502500e+01 2.929956e-04
1.507500e+01 2.880714e-04
1.512500e+01 2.823599e-04
1.517500e+01 2.768588e-04
1.522500e+01 2.708290e-04
1.527500e+01 2.656359e-04
1.532500e+01 2.604364e-04
1.537500e+01 2.558644e-04
1.542500e+01 2.503245e-04
1.547500e+01 2.454164e-04
1.552500e+01 2.412255e-04
1.557500e+01 2.373163e-04
1.562500e+01 2.326594e-04
1.567500e+01 2.281075e-04
1.572500e+01 2.233435e-04
1.577500e+01 2.187966e-04
1.582500e+01 2.147428e-04
1.587500e+01 2.104225e-04
1.592500e+01 2.052689e-04
1.597500e+01 2.005733e-04
1.602500e+01 1.962683e-04
1.607500e+01 1.919238e-04
1.612500e+01 1.875682e-04
1.617500e+01 1.836494e-04
1.622500e+01 1.801240e-04
1.627500e+01 1.762878e-04
1.632500e+01 1.724451e-04
1.637500e+01 1.689499e-04
1.642500e+01 1.649890e-04
1.647500e+01 1.609631e-04
1.652500e+01 1.572014e-04
1.657500e+01 1.538332e-04
1.662500e+01 1.502820e-04
1.667500e+01 1.466957e-04
1.672500e+01 1.432788e-04
1.677500e+01 1.401472e-04
1.682500e+01 1.373047e-04
1.687500e+01 1.345413e-04
1.692500e+01 1.310778e-04
1.697500e+01 1.278990e-04
1.702500e+01 1.250304e-04
1.707500e+01 1.220200e-04
1.712500e+01 1.194679e-04
1.717500e+01 1.168378e-04
1.722500e+01 1.139541e-04
1.727500e+01 1.114776e-04
1.732500e+01 1.087953e-04
1.737500e+01 1.064894e-04
1.742500e+01 1.036018e-04
1.747500e+01 1.015209e-04
1.752500e+01 9.869046e-05
1.757500e+01 9.638543e-05
1.762500e+01 9.409254e-05
1.767500e+01 9.235120e-05
1.772500e+01 9.022607e-05
1.777500e+01 8.868825e-05
1.782500e+01 8.663594e-05
1.787500e+01 8.456615e-05
1.792500e+01 8.250777e-05
1.797500e+01 8.084557e-05
1.802500e+01 7.883818e-05
1.807500e+01 7.695150e-05
1.812500e+01 7.506469e-05
1.817500e+01 7.368734e-05
1.822500e+01 7.199957e-05
1.827500e+01 6.985850e-05
1.832500e+01 6.857495e-05
1.837500e+01 6.662534e-05
1.842500e+01 6.511767e-05
1.847500e+01 6.364797e-05
1.852500e+01 6.212536e-05
1.857500e+01 6.069284e-05
1.862500e+01 5.958564e-05
1.867500e+01 5.827701e-05
1.872500e+01 5.705122e-05
1.877500e+01 5.604036e-05
1.882500e+01 5.450564e-05
1.887500e+01 5.335161e-05
1.892500e+01 5.231064e-05
1.897500e+01 5.104878e-05
1.902500e+01 4.967178e-05
1.907500e+01 4.885227e-05
1.912500e+01 4.779717e-05
1.917500e+01 4.657503e-05
1.922500e+01 4.565866e-05
1.927500e+01 4.471124e-05
1.932500e+01 4.370929e-05
1.937500e+01 4.276448e-05
1.942500e+01 4.186022e-05
1.947500e+01 4.076094e-05
1.952500e+01 3.993579e-05
1.957500e+01 3.920508e-05
1.962500e+01 3.824990e-05
1.967500e+01 3.721124e-05
1.972500e+01 3.623212e-05
1.977500e+01 3.554153e-05
1.982500e+01 3.495585e-05
1.987500e+01 3.421580e-05
1.992500e+01 3.341458e-05
1.997500e+01 3.273878e-05
2.002500e+01 3.218818e-05
2.007500e+01 3.140187e-05
2.012500e+01 3.078764e-05
2.017500e+01 2.999413e-05
2.022500e+01 2.932730e-05
2.027500e+01 2.868431e-05
2.032500e+01 2.807361e-05
2.037500e+01 2.759134e-05
2.042500e+01 2.698438e-05
2.047500e+01 2.650091e-05
2.052500e+01 2.586143e-05
2.057500e+01 2.541820e-05
2.062500e+01 2.475256e-05
2.067500e+01 2.426096e-05
2.072500e+01 2.377320e-05
2.077500e+01 2.334704e-05
2.082500e+01 2.283948e-05
2.087500e+01 2.248415e-05
2.092500e+01 2.202411e-05
2.097500e+01 2.148606e-05
2.102500e+01 2.099784e-05
2.107500e+01 2.054479e-05
2.112500e+01 2.004928e-05
2.117500e+01 1.967157e-05
2.122500e+01 1.929441e-05
2.127500e+01 1.893143e-05
2.132500e+01 1.847379e-05
2.137500e+01 1.814109e-05
2.142500e+01 1.770162e-05
2.147500e+01 1.729050e-05
2.152500e+01 1.689420e-05
2.157500e+01 1.660467e-05
2.162500e+01 1.623828e-05
2.167500e+01 1.597137e-05
2.172500e+01 1.567817e-05
2.177500e+01 1.527534e-05
2.182500e+01 1.500393e-05
2.187500e+01 1.468310e-05
2.192500e+01 1.439440e-05
2.197500e+01 1.409757e-05
2.202500e+01 1.383860e-05
2.207500e+01 1.363659e-05
2.212500e+01 1.323109e-05
2.217500e+01 1.301405e-05
2.222500e+01 1.274396e-05
2.227500e+01 1.245885e-05
2.232500e+01 1.231130e-05
2.237500e+01 1.197943e-05
2.242500e+01 1.182637e-05
2.247500e+01 1.162775e-05
2.252500e+01 1.134890e-05
2.257500e+01 1.112601e-05
2.262500e+01 1.083559e-05
2.267500e+01 1.066285e-05
2.272500e+01 1.054262e-05
2.277500e+01 1.033504e-05
2.282500e+01 9.994366e-06
2.287500e+01 9.862859e-06
2.292500e+01 9.651856e-06
2.297500e+01 9.462538e-06
2.302500e+01 9.256306e-06
2.307500e+01 9.126679e-06
2.312500e+01 9.036533e-06
2.317500e+01 8.765331e-06
2.322500e+01 8.713427e-06
2.327500e+01 8.487082e-06
2.332500e+01 8.227291e-06
2.337500e+01 8.164272e-06
2.342500e+01 7.929822e-06
2.347500e+01 7.771230e-06
2.352500e+01 7.654689e-06
2.357500e+01 7.510320e-06
2.362500e+01 7.435384e-06
2.367500e+01 7.298250e-06
2.372500e+01 7.091181e-06
2.377500e+01 6.967410e-06
2.382500e+01 6.828489e-06
2.387500e+01 6.711604e-06
2.392500e+01 6.556616e-06
2.397500e+01 6.400223e-06
2.402500e+01 6.304311e-06
2.407500e+01 6.157579e-06
2.412500e+01 6.051881e-06
2.417500e+01 5.938510e-06
2.422500e+01 5.783063e-06
2.427500e+01 5.702653e-06
2.432500e+01 5.596286e-06
2.437500e+01 5.544487e-06
2.442500e+01 5.438446e-06
2.447500e+01 5.376701e-06
2.452500e+01 5.253508e-06
2.457500e+01 5.128354e-06
2.462500e+01 5.055053e-06
2.467500e+01 4.966385e-06
2.472500e+01 4.906104e-06
2.477500e+01 4.774206e-06
2.482500e+01 4.750616e-06
2.487500e+01 4.628261e-06
2.492500e+01 4.539453e-06
2.497500e+01 4.432255e-06
2.502500e+01 4.362601e-06
2.507500e+01 4.262380e-06
2.512500e+01 4.139648e-06
2.517500e+01 4.119830e-06
2.522500e+01 4.071974e-06
2.527500e+01 3.975947e-06
2.532500e+01 3.872771e-06
2.537500e+01 3.853133e-06
2.542500e+01 3.804565e-06
2.547500e+01 3.731864e-06
2.552500e+01 3.655611e-06
2.557500e+01 3.615218e-06
2.562500e+01 3.463956e-06
2.567500e+01 3.469950e-06
2.572500e+01 3.375508e-06
2.577500e+01 3.259141e-06
2.582500e+01 3.227860e-06
2.587500e+01 3.213887e-06
2.592500e+01 3.139280e-06
2.597500e+01 3.090383e-06
2.602500e+01 3.024267e-06
2.607500e+01 2.980421e-06
2.612500e+01 2.937106e-06
2.617500e+01 2.927032e-06
2.622500e+01 2.821780e-06
2.627500e+01 2.790023e-06
2.632500e+01 2.755599e-06
2.637500e+01 2.655475e-06
2.642500e+01 2.609453e-06
2.647500e+01 2.595470e-06
2.652500e+01 2.549760e-06
2.657500e+01 2.518189e-06
2.662500e+01 2.497224e-06
2.667500e+01 2.423503e-06
2.672500e+01 2.363677e-06
2.677500e+01 2.360302e-06
2.682500e+01 2.294711e-06
2.687500e+01 2.229499e-06
2.692500e+01 2.192036e-06
2.697500e+01 2.154163e-06
2.702500e+01 2.138110e-06
2.707500e+01 2.092979e-06
2.712500e+01 2.050515e-06
2.717500e+01 2.048248e-06
2.722500e+01 2.000489e-06
2.727500e+01 1.952017e-06
2.732500e+01 1.899491e-06
2.737500e+01 1.887348e-06
2.742500e+01 1.869562e-06
2.747500e+01 1.845553e-06
2.752500e+01 1.784598e-06
2.757500e+01 1.773086e-06
2.762500e+01 1.729349e-06
2.767500e+01 1.703506e-06
2.772500e+01 1.678257e-06
2.777500e+01 1.641103e-06
2.782500e+01 1.614993e-06
2.787500e+01 1.579091e-06
2.792500e+01 1.562292e-06
2.797500e+01 1.561752e-06
2.802500e+01 1.508911e-06
2.807500e+01 1.486434e-06
2.812500e+01 1.461917e-06
2.817500e+01 1.471615e-06
2.822500e+01 1.405591e-06
2.827500e+01 1.365259e-06
2.832500e+01 1.330115e-06
2.837500e+01 1.322113e-06
2.842500e+01 1.319755e-06
2.847500e+01 1.280812e-06
2.852500e+01 1.284936e-06
2.857500e+01 1.263412e-06
2.862500e+01 1.227084e-06
2.867500e+01 1.196662e-06
2.872500e+01 1.184167e-06
2.877500e+01 1.165501e-06
2.882500e+01 1.132806e-06
2.887500e+01 1.122666e-06
2.892500e+01 1.107992e-06
2.897500e+01 1.082675e-06
2.902500e+01 1.090071e-06
2.907500e+01 1.052441e-06
2.912500e+01 1.026689e-06
2.917500e+01 9.967187e-07
2.922500e+01 9.992348e-07
2.927500e+01 9.800325e-07
2.932500e+01 9.489436e-07
2.937500e+01 9.472041e-07
2.942500e+01 9.395793e-07
2.947500e+01 9.327416e-07
2.952500e+01 9.347998e-07
2.957500e+01 8.876420e-07
2.962500e+01 8.515830e-07
2.967500e+01 8.610084e-07
2.972500e+01 8.461683e-07
2.977500e+01 8.302382e-07
2.982500e+01 8.137134e-07
2.987500e+01 8.115301e-07
2.992500e+01 7.894775e-07
2.997500e+01 7.801745e-07
3.002500e+01 7.490580e-07
3.007500e+01 7.352450e-07
3.012500e+01 7.209225e-07
3.017500e+01 7.390250e-07
3.022500e+01 7.182956e-07
3.027500e+01 6.820534e-07
3.032500e+01 6.913018e-07
3.037500e+01 6.890460e-07
3.042500e+01 6.636118e-07
3.047500e+01 6.618876e-07
3.052500e+01 6.361425e-07
3.057500e+01 6.434388e-07
3.062500e+01 6.482083e-07
3.067500e+01 6.189093e-07
3.072500e+01 5.824909e-07
3.077500e+01 5.824173e-07
3.082500e+01 5.726556e-07
3.087500e+01 5.479134e-07
3.092500e+01 5.512292e-07
3.097500e+01 5.323950e-07
3.102500e+01 5.414113e-07
3.107500e+01 5.345595e-07
3.112500e+01 5.260613e-07
3.117500e+01 5.369719e-07
3.122500e+01 5.122480e-07
3.127500e+01 5.165549e-07
3.132500e+01 4.888861e-07
3.137500e+01 4.937951e-07
3.142500e+01 4.653221e-07
3.147500e+01 4.493845e-07
3.152500e+01 4.320269e-07
3.157500e+01 4.394017e-07
3.162500e+01 4.554830e-07
3.167500e+01 4.287642e-07
3.172500e+01 4.293226e-07
3.177500e+01 4.272100e-07
3.182500e+01 4.040067e-07
3.187500e+01 3.993437e-07
3.192500e+01 3.990225e-07
3.197500e+01 3.973920e-07
3.202500e+01 4.004752e-07
3.207500e+01 3.846663e-07
3.212500e+01 3.723039e-07
3.217500e+01 3.608676e-07
3.222500e+01 3.587838e-07
3.227500e+01 3.565373e-07
3.232500e+01 3.454393e-07
3.237500e+01 3.534487e-07
3.242500e+01 3.398018e-07
3.247500e+01 3.313263e-07
3.252500e+01 3.197945e-07
3.257500e+01 3.195737e-07
3.262500e+01 3.096882e-07
3.267500e+01 3.157742e-07
3.272500e+01 3.092971e-07
3.277500e+01 2.941924e-07
3.282500e+01 2.940836e-07
3.287500e+01 2.886423e-07
3.292500e+01 2.877899e-07
3.297500e+01 2.761582e-07
3.302500e+01 2.779935e-07
3.307500e+01 2.739928e-07
3.312500e+01 2.803119e-07
3.317500e+01 2.701388e-07
3.322500e+01 2.570997e-07
3.327500e+01 2.612745e-07
3.332500e+01 2.518666e-07
3.337500e+01 2.608093e-07
3.342500e+01 2.471150e-07
3.347500e+01 2.443125e-07
3.352500e+01 2.448555e-07
3.357500e+01 2.415217e-07
3.362500e+01 2.317238e-07
3.367500e+01 2.275268e-07
3.372500e+01 2.217030e-07
3.377500e+01 2.176579e-07
3.382500e+01 2.206935e-07
3.387500e+01 2.188929e-07
3.392500e+01 2.140896e-07
3.397500e+01 2.121915e-07
3.402500e+01 2.073600e-07
3.407500e+01 2.011049e-07
3.412500e+01 1.989220e-07
3.417500e+01 1.981791e-07
3.422500e+01 1.859601e-07
3.427500e+01 1.966486e-07
3.432500e+01 1.854716e-07
3.437500e+01 1.720092e-07
3.442500e+01 1.707182e-07
3.447500e+01 1.737365e-07
3.452500e+01 1.618300e-07
3.457500e+01 1.641925e-07
3.462500e+01 1.582282e-07
3.467500e+01 1.591558e-07
3.472500e+01 1.564548e-07
3.477500e+01 1.641918e-07
3.482500e+01 1.532396e-07
3.487500e+01 1.511641e-07
3.492500e+01 1.513114e-07
3.497500e+01 1.494479e-07
3.502500e+01 1.446929e-07
3.507500e+01 1.470198e-07
3.512500e+01 1.401796e-07
3.517500e+01 1.339061e-07
3.522500e+01 1.389072e-07
3.527500e+01 1.365683e-07
3.532500e+01 1.291836e-07
3.537500e+01 1.326385e-07
3.542500e+01 1.293341e-07
3.547500e+01 1.207662e-07
3.552500e+01 1.202378e-07
3.557500e+01 1.179066e-07
3.562500e+01 1.222351e-07
3.567500e+01 1.151263e-07
3.572500e+01 1.147852e-07
3.577500e+01 1.094036e-07
3.582500e+01 1.120234e-07
3.587500e+01 1.137887e-07
3.592500e+01 1.106943e-07
3.597500e+01 1.148577e-07
3.602500e+01 1.159179e-07
3.607500e+01 1.097019e-07
3.612500e+01 1.055986e-07
3.617500e+01 1.050157e-07
3.622500e+01 9.781683e-08
3.627500e+01 9.861901e-08
3.632500e+01 1.006806e-07
3.637500e+01 9.702817e-08
3.642500e+01 9.809519e-08
3.647500e+01 8.982443e-08
3.652500e+01 8.891191e-08
3.657500e+01 8.445850e-08
3.662500e+01 8.516492e-08
3.667500e+01 8.903377e-08
3.672500e+01 8.252615e-08
3.677500e+01 8.116284e-08
3.682500e+01 8.236737e-08
3.687500e+01 8.331389e-08
3.692500e+01 8.109100e-08
3.697500e+01 7.788565e-08
3.702500e+01 7.932193e-08
3.707500e+01 8.327485e-08
3.712500e+01 7.185807e-08
3.717500e+01 7.161626e-08
3.722500e+01 7.240339e-08
3.727500e+01 6.901607e-08
3.732500e+01 6.869179e-08
3.737500e+01 6.610653e-08
3.742500e+01 7.072105e-08
3.747500e+01 6.589495e-08
3.752500e+01 6.173775e-08
3.757500e+01 6.193529e-08
3.762500e+01 5.896326e-08
3.767500e+01 5.948531e-08
3.772500e+01 6.251112e-08
3.777500e+01 6.434299e-08
3.782500e+01 6.776827e-08
3.787500e+01 5.882968e-08
3.792500e+01 6.048420e-08
3.797500e+01 5.789459e-08
3.802500e+01 5.392340e-08
3.807500e+01 5.020980e-08
3.812500e+01 5.049783e-08
3.817500e+01 5.096115e-08
3.822500e+01 5.423243e-08
3.827500e+01 5.424276e-08
3.832500e+01 4.823175e-08
3.837500e+01 4.596854e-08
3.842500e+01 4.814611e-08
3.847500e+01 4.879945e-08
3.852500e+01 4.440414e-08
3.857500e+01 4.304584e-08
3.862500e+01 4.404293e-08
3.867500e+01 4.383994e-08
3.872500e+01 4.315954e-08
3.877500e+01 4.151767e-08
3.882500e+01 4.737493e-08
3.887500e+01 4.384811e-08
3.892500e+01 4.111996e-08
3.897500e+01 4.039066e-08
3.902500e+01 3.976807e-08
3.907500e+01 3.617975e-08
3.912500e+01 3.885724e-08
3.917500e+01 3.871936e-08
3.922500e+01 3.515369e-08
3.927500e+01 4.030387e-08
3.932500e+01 3.768984e-08
3.937500e+01 3.852314e-08
3.942500e+01 3.794260e-08
3.947500e+01 3.625132e-08
3.952500e+01 3.597320e-08
3.957500e+01 3.751810e-08
3.962500e+01 3.589780e-08
3.967500e+01 3.659432e-08
3.972500e+01 3.337457e-08
3.977500e+01 3.379501e-08
3.982500e+01 3.208398e-08
3.987500e+01 3.227308e-08
3.992500e+01 3.186455e-08
3.997500e+01 2.992663e-08
4.002500e+01 2.943805e-08
4.007500e+01 3.146944e-08
4.012500e+01 2.977380e-08
4.017500e+01 3.335091e-08
4.022500e+01 3.090481e-08
4.027500e+01 3.287824e-08
4.032500e+01 2.839210e-08
4.037500e+01 2.501799e-08
4.042500e+01 2.741445e-08
4.047500e+01 2.910336e-08
4.052500e+01 2.573510e-08
4.057500e+01 2.388215e-08
4.062500e+01 2.457074e-08
4.067500e+01 2.464441e-08
4.072500e+01 2.330576e-08
4.077500e+01 2.126676e-08
4.082500e+01 2.065556e-08
4.087500e+01 2.442168e-08
4.092500e+01 2.346264e-08
4.097500e+01 2.174554e-08
4.102500e+01 2.158494e-08
4.107500e+01 2.133621e-08
4.112500e+01 2.209581e-08
4.117500e+01 2.214857e-08
4.122500e+01 2.195141e-08
4.127500e+01 2.015339e-08
4.132500e+01 2.076510e-08
4.137500e+01 1.778895e-08
4.142500e+01 1.886323e-08
4.147500e+01 1.761363e-08
4.152500e+01 1.785931e-08
4.157500e+01 1.745339e-08
4.162500e+01 1.764769e-08
4.167500e+01 1.680385e-08
4.172500e+01 1.566884e-08
4.177500e+01 1.768168e-08
4.182500e+01 1.689772e-08
4.187500e+01 1.670534e-08
4.192500e+01 1.533992e-08
4.197500e+01 1.341535e-08
4.202500e+01 1.455012e-08
4.207500e+01 1.466514e-08
4.212500e+01 1.605955e-08
4.217500e+01 1.453875e-08
4.222500e+01 1.506023e-08
4.227500e+01 1.444898e-08
4.232500e+01 1.499891e-08
4.237500e+01 1.564968e-08
4.242500e+01 1.438719e-08
4.247500e+01 1.451628e-08
4.252500e+01 1.426173e-08
4.257500e+01 1.309630e-08
4.262500e+01 1.119507e-08
4.267500e+01 1.373825e-08
4.272500e+01 1.206988e-08
4.277500e+01 1.121150e-08
4.282500e+01 1.238745e-08
4.287500e+01 1.150107e-08
4.292500e+01 1.235861e-08
4.297500e+01 1.254576e-08
4.302500e+01 1.163207e-08
4.307500e+01 1.140245e-08
4.312500e+01 1.108687e-08
4.317500e+01 9.945834e-09
4.322500e+01 9.042961e-09
4.327500e+01 1.034319e-08
4.332500e+01 9.505651e-09
4.337500e+01 1.045305e-08
4.342500e+01 9.451737e-09
4.347500e+01 1.135703e-08
4.352500e+01 1.060668e-08
4.357500e+01 1.120818e-08
4.362500e+01 1.083027e-08
4.367500e+01 7.154164e-09
4.372500e+01 7.735208e-09
4.377500e+01 9.328295e-09
4.382500e+01 8.246696e-09
4.387500e+01 7.771839e-09
4.392500e+01 8.500727e-09
4.397500e+01 8.794743e-09
4.402500e+01 9.465335e-09
4.407500e+01 9.154346e-09
4.412500e+01 7.508276e-09
4.417500e+01 8.689619e-09
4.422500e+01 7.953885e-09
4.427500e+01 7.708287e-09
4.432500e+01 7.462968e-09
4.437500e+01 8.103347e-09
4.442500e+01 1.001729e-08
4.447500e+01 8.511679e-09
4.452500e+01 7.333046e-09
4.457500e+01 7.936732e-09
4.462500e+01 6.971651e-09
4.467500e+01 6.643011e-09
4.472500e+01 6.766297e-09
4.477500e+01 6.071458e-09
4.482500e+01 6.265406e-09
4.487500e+01 6.705672e-09
4.492500e+01 6.399226e-09
4.497500e+01 6.466027e-09
4.502500e+01 5.442792e-09
4.507500e+01 4.547200e-09
4.512500e+01 4.453365e-09
4.517500e+01 4.022658e-09
4.522500e+01 4.504570e-09
4.527500e+01 5.112177e-09
4.532500e+01 4.814991e-09
4.537500e+01 5.722968e-09
4.542500e+01 5.187742e-09
4.547500e+01 4.751066e-09
4.552500e+01 4.559637e-09
4.557500e+01 4.011956e-09
4.562500e+01 4.799134e-09
4.567500e+01 4.998979e-09
4.572500e+01 5.840583e-09
4.577500e+01 6.255844e-09
4.582500e+01 4.802591e-09
4.587500e+01 4.528276e-09
4.592500e+01 3.996639e-09
4.597500e+01 5.741174e-09
4.602500e+01 5.237279e-09
4.607500e+01 4.122205e-09
4.612500e+01 4.300610e-09
4.617500e+01 3.701105e-09
4.622500e+01 4.004469e-09
4.627500e+01 2.913290e-09
4.632500e+01 3.397003e-09
4.637500e+01 3.436745e-09
4.642500e+01 3.178662e-09
4.647500e+01 2.844721e-09
4.652500e+01 4.102222e-09
4.657500e+01 4.100019e-09
4.662500e+01 4.056358e-09
4.667500e+01 3.363523e-09
4.672500e+01 2.630013e-09
4.677500e+01 3.277135e-09
4.682500e+01 2.772010e-09
4.687500e+01 2.074452e-09
4.692500e+01 2.472862e-09
4.697500e+01 2.863964e-09
4.702500e+01 3.061986e-09
4.707500e+01 2.970956e-09
4.712500e+01 3.051862e-09
4.717500e+01 3.160163e-09
4.722500e+01 3.282083e-09
4.727500e+01 2.909764e-09
4.732500e+01 2.290914e-09
4.737500e+01 2.001778e-09
4.742500e+01 2.021278e-09
4.747500e+01 2.287292e-09
4.752500e+01 2.409291e-09
4.757500e+01 2.161749e-09
4.762500e+01 2.208476e-09
4.767500e+01 2.261988e-09
4.772500e+01 2.090047e-09
4.777500e+01 2.218659e-09
4.782500e+01 2.012807e-09
4.787500e+01 2.161785e-09
4.792500e+01 1.997074e-09
4.797500e+01 3.181391e-09
4.802500e+01 2.417143e-09
4.807500e+01 1.674106e-09
4.812500e+01 1.632426e-09
4.817500e+01 1.305263e-09
4.822500e+01 1.732653e-09
4.827500e+01 1.589141e-09
4.832500e+01 1.907339e-09
4.837500e+01 1.947059e-09
4.842500e+01 1.891808e-09
4.847500e+01 2.595658e-09
4.852500e+01 2.099842e-09
4.857500e+01 1.753481e-09
4.862500e+01 1.705212e-09
4.867500e+01 1.487912e-09
4.872500e+01 1.378992e-09
4.877500e+01 1.445848e-09
4.882500e+01 1.168241e-09
4.887500e+01 1.451118e-09
4.892500e+01 1.389663e-09
4.897500e+01 1.557515e-09
4.902500e+01 1.320854e-09
4.907500e+01 1.778203e-09
4.912500e+01 1.380099e-09
4.917500e+01 1.917698e-09
4.922500e+01 1.795668e-09
4.927500e+01 1.572933e-09
4.932500e+01 1.867750e-09
4.937500e+01 1.423606e-09
4.942500e+01 1.443021e-09
4.947500e+01 1.073334e-09
4.952500e+01 9.453976e-10
4.957500e+01 9.851301e-10
4.962500e+01 9.779355e-10
4.967500e+01 1.285405e-09
4.972500e+01 8.364312e-10
4.977500e+01 1.116911e-09
4.982500e+01 9.091235e-10
4.987500e+01 6.748194e-10
4.992500e+01 7.546177e-10
4.997500e+01 6.874932e-10
5.002500e+01 8.606048e-10
5.007500e+01 8.935152e-10
5.012500e+01 1.226304e-09
5.017500e+01 7.527354e-10
5.022500e+01 9.654185e-10
5.027500e+01 1.291021e-09
5.032500e+01 2.022038e-09
5.037500e+01 1.003869e-09
5.042500e+01 2.226022e-09
5.047500e+01 1.819785e-09
5.052500e+01 9.028038e-10
5.057500e+01 3.980988e-10
5.062500e+01 7.891727e-10
5.067500e+01 8.749529e-10
5.072500e+01 1.040151e-09
5.077500e+01 1.158833e-09
5.082500e+01 7.081947e-10
5.087500e+01 7.740005e-10
5.092500e+01 7.008869e-10
5.097500e+01 7.600232e-10
5.102500e+01 7.266224e-10
5.107500e+01 8.253030e-10
5.112500e+01 4.289477e-10
5.117500e+01 5.738494e-10
5.122500e+01 9.955053e-10
5.127500e+01 1.120221e-09
5.132500e+01 1.132848e-09
5.137500e+01 1.138880e-09
5.142500e+01 9.804077e-10
5.147500e+01 8.089367e-10
5.152500e+01 1.400162e-09
5.157500e+01 1.011833e-09
5.162500e+01 1.241193e-09
5.167500e+01 7.942418e-10
5.172500e+01 4.395742e-10
5.177500e+01 2.885361e-10
5.182500e+01 2.949514e-10
5.187500e+01 3.996303e-10
5.192500e+01 3.536007e-10
5.197500e+01 9.621166e-10
5.202500e+01 9.812797e-10
5.207500e+01 7.127209e-10
5.212500e+01 3.659929e-10
5.217500e+01 4.050122e-10
5.222500e+01 4.701115e-10
5.227500e+01 3.654674e-10
5.232500e+01 3.326773e-10
5.237500e+01 4.694378e-10
5.242500e+01 5.278657e-10
5.247500e+01 7.360543e-10
5.252500e+01 6.250227e-10
5.257500e+01 5.856801e-10
5.262500e+01 3.057098e-10
5.267500e+01 3.185675e-10
5.272500e+01 1.689556e-10
5.277500e+01 2.987799e-10
5.282500e+01 5.518319e-10
5.287500e+01 4.217895e-10
5.292500e+01 7.458904e-10
5.297500e+01 6.223624e-10
5.302500e+01 7.257471e-10
5.307500e+01 6.347295e-10
5.312500e+01 6.603259e-10
5.317500e+01 7.117813e-10
5.322500e+01 5.238836e-10
5.327500e+01 6.400016e-10
5.332500e+01 6.526248e-10
5.337500e+01 7.104465e-10
5.342500e+01 1.433139e-09
5.347500e+01 1.761550e-09
5.352500e+01 5.675602e-10
5.357500e+01 3.996853e-10
5.362500e+01 1.739754e-09
5.367500e+01 5.732071e-10
5.372500e+01 2.317512e-10
5.377500e+01 2.702506e-10
5.382500e+01 3.665983e-10
5.387500e+01 7.585705e-10
5.392500e+01 6.361327e-10
5.397500e+01 4.367372e-10
5.402500e+01 6.548026e-10
5.407500e+01 5.967498e-10
5.412500e+01 5.579919e-10
5.417500e+01 5.320914e-10
5.422500e+01 2.755347e-10
5.427500e+01 2.177643e-10
5.432500e+01 1.920565e-10
5.437500e+01 2.623565e-10
5.442500e+01 3.134040e-10
5.447500e+01 1.406474e-10
5.452500e+01 2.172645e-10
5.457500e+01 3.640706e-10
5.462500e+01 2.170655e-10
5.467500e+01 3.573561e-10
5.472500e+01 4.082204e-10
5.477500e+01 2.040170e-10
5.482500e+01 1.401977e-10
5.487500e+01 2.611585e-10
5.492500e+01 2.546728e-10
5.497500e+01 2.418291e-10
5.502500e+01 4.389112e-10
5.507500e+01 3.751305e-10
5.512500e+01 1.334605e-10
5.517500e+01 2.159809e-10
5.522500e+01 3.492227e-10
5.527500e+01 6.981294e-11
5.532500e+01 1.903129e-11
5.537500e+01 8.877257e-11
5.542500e+01 1.140847e-10
5.547500e+01 1.647147e-10
5.552500e+01 1.963021e-10
5.557500e+01 2.468496e-10
5.562500e+01 2.277588e-10
5.567500e+01 2.466278e-10
5.572500e+01 3.097267e-10
5.577500e+01 1.769073e-10
5.582500e+01 2.652421e-10
5.587500e+01 1.704365e-10
5.592500e+01 2.713145e-10
5.597500e+01 3.910229e-10
5.602500e+01 2.836803e-10
5.607500e+01 2.709514e-10
5.612500e+01 7.558066e-11
5.617500e+01 8.184260e-11
5.622500e+01 0.000000e+00
5.627500e+01 1.886997e-11
5.632500e+01 1.886159e-11
5.637500e+01 1.005505e-10
5.642500e+01 1.256324e-10
5.647500e+01 1.255768e-10
5.652500e+01 1.820058e-10
5.657500e+01 3.324843e-10
5.662500e+01 4.013132e-10
5.667500e+01 3.447264e-10
5.672500e+01 4.824042e-10
5.677500e+01 5.009784e-10
5.682500e+01 4.319038e-10
5.687500e+01 4.755109e-10
5.692500e+01 2.626669e-10
5.697500e+01 2.062906e-10
5.702500e+01 2.062001e-10
5.707500e+01 3.122875e-10
5.712500e+01 3.121508e-10
5.717500e+01 1.872086e-10
5.722500e+01 2.183146e-10
5.727500e+01 1.683406e-10
5.732500e+01 8.101752e-11
5.737500e+01 3.114700e-11
5.742500e+01 2.490675e-11
5.747500e+01 6.223979e-11
5.752500e+01 4.977019e-11
5.757500e+01 7.462286e-11
5.762500e+01 1.243175e-11
5.767500e+01 6.213178e-12
5.772500e+01 4.347341e-11
5.777500e+01 4.345459e-11
5.782500e+01 1.178972e-10
5.787500e+01 7.442920e-11
5.792500e+01 1.239951e-11
5.797500e+01 2.478833e-11
5.802500e+01 1.858323e-11
5.807500e+01 0.000000e+00
5.812500e+01 0.000000e+00
5.817500e+01 0.000000e+00
5.822500e+01 0.000000e+00
5.827500e+01 0.000000e+00
5.832500e+01 0.000000e+00
5.837500e+01 0.000000e+00
5.842500e+01 0.000000e+00
5.847500e+01 0.000000e+00
5.852500e+01 5.551105e-11
5.857500e+01 4.932209e-11
5.862500e+01 3.081316e-11
5.867500e+01 6.160005e-12
5.872500e+01 1.662493e-10
5.877500e+01 1.846429e-10
5.882500e+01 4.614110e-10
5.887500e+01 1.721869e-10
5.892500e+01 9.835078e-11
5.897500e+01 1.904738e-10
5.902500e+01 1.596846e-10
5.907500e+01 1.534779e-10
5.912500e+01 1.595495e-10
5.917500e+01 1.840178e-10
5.922500e+01 2.881728e-10
5.927500e+01 1.777337e-10
5.932500e+01 4.900933e-11
5.937500e+01 2.449434e-11
5.942500e+01 3.672605e-11
5.947500e+01 3.059218e-11
5.952500e+01 1.834760e-11
5.957500e+01 3.667979e-11
5.962500e+01 6.110734e-11
5.967500e+01 1.038390e-10
5.972500e+01 6.105617e-11
5.977500e+01 4.882450e-11
5.982500e+01 4.880409e-11
5.987500e+01 6.097964e-12
5.992500e+01 5.485877e-11
5.997500e+01 1.218576e-11
6.002500e+01 6.090340e-12
6.007500e+01 1.217561e-11
6.012500e+01 1.217055e-11
6.017500e+01 1.216549e-10
6.022500e+01 1.459253e-10
6.027500e+01 6.077696e-11
6.032500e+01 1.822553e-11
6.037500e+01 4.250863e-11
6.042500e+01 0.000000e+00
6.047500e+01 0.000000e+00
6.052500e+01 0.000000e+00
6.057500e+01 1.818788e-11
6.062500e+01 6.060127e-11
6.067500e+01 7.874919e-11
6.072500e+01 2.422054e-11
6.077500e+01 2.421058e-11
6.082500e+01 0.000000e+00
6.087500e+01 0.000000e+00
6.092500e+01 0.000000e+00
6.097500e+01 0.000000e+00
6.102500e+01 0.000000e+00
6.107500e+01 4.226432e-11
6.112500e+01 6.638819e-11
6.117500e+01 1.689191e-10
6.122500e+01 6.030360e-12
6.127500e+01 0.000000e+00
6.132500e+01 0.000000e+00
6.137500e+01 0.000000e+00
6.142500e+01 0.000000e+00
6.147500e+01 1.805426e-11
6.152500e+01 9.625023e-11
6.157500e+01 2.405279e-11
6.162500e+01 4.207530e-11
6.167500e+01 1.802496e-11
6.172500e+01 6.005886e-12
6.177500e+01 1.801036e-11
6.182500e+01 4.200719e-11
6.187500e+01 1.019762e-10
6.192500e+01 5.396561e-11
6.197500e+01 1.798128e-11
6.202500e+01 1.198269e-11
6.207500e+01 1.197786e-11
6.212500e+01 5.986520e-12
6.217500e+01 1.196822e-11
6.222500e+01 8.374390e-11
6.227500e+01 1.195861e-11
6.232500e+01 0.000000e+00
6.237500e+01 0.000000e+00
6.242500e+01 0.000000e+00
6.247500e+01 0.000000e+00
6.252500e+01 4.773872e-11
6.257500e+01 2.982478e-11
6.262500e+01 1.788772e-11
6.267500e+01 0.000000e+00
6.272500e+01 0.000000e+00
6.277500e+01 0.000000e+00
6.282500e+01 0.000000e+00
6.287500e+01 0.000000e+00
6.292500e+01 0.000000e+00
6.297500e+01 6.540579e-11
6.302500e+01 1.783087e-11
6.307500e+01 1.188253e-11
6.312500e+01 5.938912e-12
6.317500e+01 5.936562e-12
6.322500e+01 5.934214e-12
6.327500e+01 2.372747e-11
6.332500e+01 1.185905e-11
6.337500e+01 2.963593e-11
6.342500e+01 0.000000e+00
6.347500e+01 0.000000e+00
6.352500e+01 0.000000e+00
6.357500e+01 0.000000e+00
6.362500e+01 0.000000e+00
6.367500e+01 0.000000e+00
6.372500e+01 0.000000e+00
6.377500e+01 0.000000e+00
6.382500e+01 0.000000e+00
6.387500e+01 0.000000e+00
6.392500e+01 0.000000e+00
6.397500e+01 0.000000e+00
6.402500e+01 0.000000e+00
6.407500e+01 0.000000e+00
6.412500e+01 0.000000e+00
6.417500e+01 0.000000e+00
6.422500e+01 0.000000e+00
6.427500e+01 0.000000e+00
6.432500e+01 0.000000e+00
6.437500e+01 0.000000e+00
6.442500e+01 0.000000e+00
6.447500e+01 5.876408e-12
6.452500e+01 2.349652e-11
6.457500e+01 1.467964e-10
6.462500e+01 7.630459e-11
6.467500e+01 2.346926e-11
6.472500e+01 2.346019e-11
6.477500e+01 0.000000e+00
6.482500e+01 0.000000e+00
6.487500e+01 0.000000e+00
6.492500e+01 0.000000e+00
6.497500e+01 0.000000e+00
6.502500e+01 0.000000e+00
6.507500e+01 0.000000e+00
6.512500e+01 0.000000e+00
6.517500e+01 0.000000e+00
6.522500e+01 0.000000e+00
6.527500e+01 0.000000e+00
6.532500e+01 0.000000e+00
6.537500e+01 0.000000e+00
6.542500e+01 0.000000e+00
6.547500e+01 0.000000e+00
6.552500e+01 0.000000e+00
6.557500e+01 0.000000e+00
6.562500e+01 0.000000e+00
6.567500e+01 0.000000e+00
6.572500e+01 0.000000e+00
6.577500e+01 0.000000e+00
6.582500e+01 0.000000e+00
6.587500e+01 0.000000e+00
6.592500e+01 0.000000e+00
6.597500e+01 0.000000e+00
6.602500e+01 0.000000e+00
6.607500e+01 0.000000e+00
6.612500e+01 0.000000e+00
6.617500e+01 0.000000e+00
6.622500e+01 0.000000e+00
6.627500e+01 0.000000e+00
6.632500e+01 0.000000e+00
6.637500e+01 0.000000e+00
6.642500e+01 0.000000e+00
6.647500e+01 0.000000e+00
6.652500e+01 0.000000e+00
6.657500e+01 0.000000e+00
6.662500e+01 0.000000e+00
6.667500e+01 0.000000e+00
6.672500e+01 0.000000e+00
6.677500e+01 1.154864e-11
6.682500e+01 1.096710e-10
6.687500e+01 6.346999e-11
6.692500e+01 0.000000e+00
6.697500e+01 0.000000e+00
6.702500e+01 0.000000e+00
6.707500e+01 0.000000e+00
6.712500e+01 0.000000e+00
6.717500e+01 0.000000e+00
6.722500e+01 0.000000e+00
6.727500e+01 0.000000e+00
6.732500e+01 0.000000e+00
6.737500e+01 0.000000e+00
6.742500e+01 0.000000e+00
6.747500e+01 0.000000e+00
6.752500e+01 0.000000e+00
6.757500e+01 0.000000e+00
6.762500e+01 0.000000e+00
6.767500e+01 0.000000e+00
6.772500e+01 0.000000e+00
6.777500e+01 0.000000e+00
6.782500e+01 0.000000e+00
6.787500e+01 0.000000e+00
6.792500e+01 0.000000e+00
6.797500e+01 0.000000e+00
6.802500e+01 0.000000e+00
6.807500e+01 0.000000e+00
6.812500e+01 0.000000e+00
6.817500e+01 0.000000e+00
6.822500e+01 0.000000e+00
6.827500e+01 0.000000e+00
6.832500e+01 0.000000e+00
6.837500e+01 0.000000e+00
6.842500e+01 0.000000e+00
6.847500e+01 0.000000e+00
6.852500e+01 0.000000e+00
6.857500e+01 0.000000e+00
6.862500e+01 0.000000e+00
6.867500e+01 0.000000e+00
6.872500e+01 0.000000e+00
6.877500e+01 0.000000e+00
6.882500e+01 0.000000e+00
6.887500e+01 0.000000e+00
6.892500e+01 0.000000e+00
6.897500e+01 0.000000e+00
6.902500e+01 0.000000e+00
6.907500e+01 0.000000e+00
6.912500e+01 0.000000e+00
6.917500e+01 0.000000e+00
6.922500e+01 0.000000e+00
6.927500e+01 0.000000e+00
6.932500e+01 0.000000e+00
6.937500e+01 0.000000e+00
6.942500e+01 0.000000e+00
6.947500e+01 0.000000e+00
6.952500e+01 0.000000e+00
6.957500e+01 0.000000e+00
6.962500e+01 0.000000e+00
6.967500e+01 0.000000e+00
6.972500e+01 0.000000e+00
6.977500e+01 0.000000e+00
6.982500e+01 0.000000e+00
6.987500e+01 0.000000e+00
6.992500e+01 0.000000e+00
6.997500e+01 0.000000e+00
7.002500e+01 0.000000e+00
7.007500e+01 0.000000e+00
7.012500e+01 0.000000e+00
7.017500e+01 0.000000e+00
7.022500e+01 0.000000e+00
7.027500e+01 0.000000e+00
7.032500e+01 0.000000e+00
7.037500e+01 0.000000e+00
7.042500e+01 0.000000e+00
7.047500e+01 0.000000e+00
7.052500e+01 0.000000e+00
7.057500e+01 0.000000e+00
7.062500e+01 0.000000e+00
7.067500e+01 0.000000e+00
7.072500e+01 0.000000e+00
7.077500e+01 0.000000e+00
7.082500e+01 0.000000e+00
7.087500e+01 0.000000e+00
7.092500e+01 0.000000e+00
7.097500e+01 0.000000e+00
7.102500e+01 0.000000e+00
7.107500e+01 0.000000e+00
7.112500e+01 0.000000e+00
7.117500e+01 0.000000e+00
7.122500e+01 0.000000e+00
7.127500e+01 0.000000e+00
7.132500e+01 0.000000e+00
7.137500e+01 0.000000e+00
7.142500e+01 0.000000e+00
7.147500e+01 0.000000e+00
7.152500e+01 0.000000e+00
7.157500e+01 0.000000e+00
7.162500e+01 0.000000e+00
7.167500e+01 0.000000e+00
7.172500e+01 0.000000e+00
7.177500e+01 0.000000e+00
7.182500e+01 0.000000e+00
7.187500e+01 0.000000e+00
7.192500e+01 0.000000e+00
7.197500e+01 0.000000e+00
7.202500e+01 0.000000e+00
7.207500e+01 0.000000e+00
7.212500e+01 0.000000e+00
7.217500e+01 0.000000e+00
7.222500e+01 0.000000e+00
7.227500e+01 0.000000e+00
7.232500e+01 0.000000e+00
7.237500e+01 0.000000e+00
7.242500e+01 0.000000e+00
7.247500e+01 0.000000e+00
7.252500e+01 0.000000e+00
7.257500e+01 0.000000e+00
7.262500e+01 0.000000e+00
7.267500e+01 0.000000e+00
7.272500e+01 0.000000e+00
7.277500e+01 0.000000e+00
7.282500e+01 0.000000e+00
7.287500e+01 0.000000e+00
7.292500e+01 0.000000e+00
7.297500e+01 0.000000e+00
7.302500e+01 0.000000e+00
7.307500e+01 0.000000e+00
7.312500e+01 0.000000e+00
7.317500e+01 0.000000e+00
7.322500e+01 0.000000e+00
7.327500e+01 0.000000e+00
7.332500e+01 0.000000e+00
7.337500e+01 0.000000e+00
7.342500e+01 0.000000e+00
7.347500e+01 0.000000e+00
7.352500e+01 0.000000e+00
7.357500e+01 0.000000e+00
7.362500e+01 0.000000e+00
7.367500e+01 0.000000e+00
7.372500e+01 0.000000e+00
7.377500e+01 0.000000e+00
7.382500e+01 0.000000e+00
7.387500e+01 0.000000e+00
7.392500e+01 0.000000e+00
7.397500e+01 0.000000e+00
7.402500e+01 0.000000e+00
7.407500e+01 0.000000e+00
7.412500e+01 0.000000e+00
7.417500e+01 0.000000e+00
7.422500e+01 0.000000e+00
7.427500e+01 0.000000e+00
7.432500e+01 0.000000e+00
7.437500e+01 0.000000e+00
7.442500e+01 0.000000e+00
7.447500e+01 0.000000e+00
7.452500e+01 0.000000e+00
7.457500e+01 0.000000e+00
7.462500e+01 0.000000e+00
7.467500e+01 0.000000e+00
7.472500e+01 2.729258e-11
7.477500e+01 1.637007e-11
7.482500e+01 1.254620e-10
7.487500e+01 1.199670e-10
7.492500e+01 2.180491e-11
7.497500e+01 0.000000e+00
7.502500e+01 0.000000e+00
7.507500e+01 0.000000e+00
7.512500e+01 0.000000e+00
7.517500e+01 0.000000e+00
7.522500e+01 0.000000e+00
7.527500e+01 0.000000e+00
7.532500e+01 0.000000e+00
7.537500e+01 0.000000e+00
7.542500e+01 0.000000e+00
7.547500e+01 0.000000e+00
7.552500e+01 0.000000e+00
7.557500e+01 0.000000e+00
7.562500e+01 0.000000e+00
7.567500e+01 0.000000e+00
7.572500e+01 0.000000e+00
7.577500e+01 0.000000e+00
7.582500e+01 0.000000e+00
7.587500e+01 0.000000e+00
7.592500e+01 0.000000e+00
7.597500e+01 0.000000e+00
7.602500e+01 0.000000e+00
7.607500e+01 0.000000e+00
7.612500e+01 0.000000e+00
7.617500e+01 0.000000e+00
7.622500e+01 0.000000e+00
7.627500e+01 0.000000e+00
7.632500e+01 0.000000e+00
7.637500e+01 0.000000e+00
7.642500e+01 0.000000e+00
7.647500e+01 0.000000e+00
7.652500e+01 0.000000e+00
7.657500e+01 0.000000e+00
7.662500e+01 0.000000e+00
7.667500e+01 0.000000e+00
7.672500e+01 0.000000e+00
7.677500e+01 0.000000e+00
7.682500e+01 0.000000e+00
7.687500e+01 0.000000e+00
7.692500e+01 0.000000e+00
7.697500e+01 0.000000e+00
7.702500e+01 0.000000e+00
7.707500e+01 0.000000e+00
7.712500e+01 0.000000e+00
7.717500e+01 0.000000e+00
7.722500e+01 0.000000e+00
7.727500e+01 0.000000e+00
7.732500e+01 0.000000e+00
7.737500e+01 0.000000e+00
7.742500e+01 0.000000e+00
7.747500e+01 0.000000e+00
7.752500e+01 0.000000e+00
7.757500e+01 0.000000e+00
7.762500e+01 0.000000e+00
7.767500e+01 0.000000e+00
7.772500e+01 0.000000e+00
7.777500e+01 0.000000e+00
7.782500e+01 0.000000e+00
7.787500e+01 0.000000e+00
7.792500e+01 0.000000e+00
7.797500e+01 0.000000e+00
7.802500e+01 0.000000e+00
7.807500e+01 0.000000e+00
7.812500e+01 0.000000e+00
7.817500e+01 0.000000e+00
7.822500e+01 0.000000e+00
7.827500e+01 0.000000e+00
7.832500e+01 0.000000e+00
7.837500e+01 0.000000e+00
7.842500e+01 0.000000e+00
7.847500e+01 0.000000e+00
7.852500e+01 0.000000e+00
7.857500e+01 0.000000e+00
7.862500e+01 0.000000e+00
7.867500e+01 0.000000e+00
7.872500e+01 0.000000e+00
7.877500e+01 0.000000e+00
7.882500e+01 0.000000e+00
7.887500e+01 0.000000e+00
7.892500e+01 0.000000e+00
7.897500e+01 0.000000e+00
7.902500e+01 0.000000e+00
7.907500e+01 0.000000e+00
7.912500e+01 0.000000e+00
7.917500e+01 0.000000e+00
7.922500e+01 0.000000e+00
7.927500e+01 0.000000e+00
7.932500e+01 0.000000e+00
7.937500e+01 0.000000e+00
7.942500e+01 0.000000e+00
7.947500e+01 0.000000e+00
7.952500e+01 0.000000e+00
7.957500e+01 0.000000e+00
7.962500e+01 0.000000e+00
7.967500e+01 0.000000e+00
7.972500e+01 0.000000e+00
7.977500e+01 0.000000e+00
7.982500e+01 0.000000e+00
7.987500e+01 0.000000e+00
7.992500e+01 0.000000e+00
7.997500e+01 0.000000e+00
8.002500e+01 0.000000e+00
8.007500e+01 0.000000e+00
8.012500e+01 0.000000e+00
8.017500e+01 0.000000e+00
8.022500e+01 0.000000e+00
8.027500e+01 0.000000e+00
8.032500e+01 0.000000e+00
8.037500e+01 0.000000e+00
8.042500e+01 0.000000e+00
8.047500e+01 0.000000e+00
8.052500e+01 0.000000e+00
8.057500e+01 0.000000e+00
8.062500e+01 0.000000e+00
8.067500e+01 0.000000e+00
8.072500e+01 0.000000e+00
8.077500e+01 0.000000e+00
8.082500e+01 0.000000e+00
8.087500e+01 0.000000e+00
8.092500e+01 0.000000e+00
8.097500e+01 0.000000e+00
8.102500e+01 0.000000e+00
8.107500e+01 0.000000e+00
8.112500e+01 0.000000e+00
8.117500e+01 0.000000e+00
8.122500e+01 0.000000e+00
8.127500e+01 0.000000e+00
8.132500e+01 0.000000e+00
8.137500e+01 0.000000e+00
8.142500e+01 0.000000e+00
8.147500e+01 0.000000e+00
8.152500e+01 0.000000e+00
8.157500e+01 0.000000e+00
8.162500e+01 0.000000e+00
8.167500e+01 0.000000e+00
8.172500e+01 0.000000e+00
8.177500e+01 0.000000e+00
8.182500e+01 0.000000e+00
8.187500e+01 0.000000e+00
8.192500e+01 0.000000e+00
8.197500e+01 0.000000e+00
8.202500e+01 0.000000e+00
8.207500e+01 0.000000e+00
8.212500e+01 0.000000e+00
8.217500e+01 0.000000e+00
8.222500e+01 0.000000e+00
8.227500e+01 0.000000e+00
8.232500e+01 0.000000e+00
8.237500e+01 0.000000e+00
8.242500e+01 0.000000e+00
8.247500e+01 0.000000e+00
8.252500e+01 0.000000e+00
8.257500e+01 0.000000e+00
8.262500e+01 0.000000e+00
8.267500e+01 0.000000e+00
8.272500e+01 0.000000e+00
8.277500e+01 0.000000e+00
8.282500e+01 0.000000e+00
8.287500e+01 0.000000e+00
8.292500e+01 0.000000e+00
8.297500e+01 0.000000e+00
8.302500e+01 0.000000e+00
8.307500e+01 0.000000e+00
8.312500e+01 0.000000e+00
8.317500e+01 0.000000e+00
8.322500e+01 0.000000e+00
8.327500e+01 0.000000e+00
8.332500e+01 0.000000e+00
8.337500e+01 0.000000e+00
8.342500e+01 0.000000e+00
8.347500e+01 0.000000e+00
8.352500e+01 0.000000e+00
8.357500e+01 0.000000e+00
8.362500e+01 0.000000e+00
8.367500e+01 0.000000e+00
8.372500e+01 0.000000e+00
8.377500e+01 0.000000e+00
8.382500e+01 0.000000e+00
8.387500e+01 0.000000e+00
8.392500e+01 0.000000e+00
8.397500e+01 0.000000e+00
8.402500e+01 0.000000e+00
8.407500e+01 0.000000e+00
8.412500e+01 0.000000e+00
8.417500e+01 0.000000e+00
8.422500e+01 0.000000e+00
8.427500e+01 0.000000e+00
8.432500e+01 0.000000e+00
8.437500e+01 0.000000e+00
8.442500e+01 0.000000e+00
8.447500e+01 0.000000e+00
8.452500e+01 0.000000e+00
8.457500e+01 0.000000e+00
8.462500e+01 0.000000e+00
8.467500e+01 0.000000e+00
8.472500e+01 0.000000e+00
8.477500e+01 0.000000e+00
8.482500e+01 0.000000e+00
8.487500e+01 0.000000e+00
8.492500e+01 0.000000e+00
8.497500e+01 0.000000e+00
8.502500e+01 0.000000e+00
8.507500e+01 0.000000e+00
8.512500e+01 0.000000e+00
8.517500e+01 0.000000e+00
8.522500e+01 0.000000e+00
8.527500e+01 0.000000e+00
8.532500e+01 0.000000e+00
8.537500e+01 0.000000e+00
8.542500e+01 0.000000e+00
8.547500e+01 0.000000e+00
8.552500e+01 0.000000e+00
8.557500e+01 0.000000e+00
8.562500e+01 0.000000e+00
8.567500e+01 0.000000e+00
8.572500e+01 0.000000e+00
8.577500e+01 0.000000e+00
8.582500e+01 0.000000e+00
8.587500e+01 0.000000e+00
8.592500e+01 0.000000e+00
8.597500e+01 0.000000e+00
8.602500e+01 0.000000e+00
8.607500e+01 0.000000e+00
8.612500e+01 0.000000e+00
8.617500e+01 0.000000e+00
8.622500e+01 0.000000e+00
8.627500e+01 0.000000e+00
8.632500e+01 0.000000e+00
8.637500e+01 0.000000e+00
8.642500e+01 0.000000e+00
8.647500e+01 0.000000e+00
8.652500e+01 0.000000e+00
8.657500e+01 0.000000e+00
8.662500e+01 0.000000e+00
8.667500e+01 0.000000e+00
8.672500e+01 0.000000e+00
8.677500e+01 0.000000e+00
8.682500e+01 0.000000e+00
8.687500e+01 0.000000e+00
8.692500e+01 0.000000e+00
8.697500e+01 0.000000e+00
8.702500e+01 0.000000e+00
8.707500e+01 0.000000e+00
8.712500e+01 0.000000e+00
8.717500e+01 0.000000e+00
8.722500e+01 0.000000e+00
8.727500e+01 0.000000e+00
8.732500e+01 0.000000e+00
8.737500e+01 0.000000e+00
8.742500e+01 0.000000e+00
8.747500e+01 0.000000e+00
8.752500e+01 0.000000e+00
8.757500e+01 0.000000e+00
8.762500e+01 0.000000e+00
8.767500e+01 0.000000e+00
8.772500e+01 0.000000e+00
8.777500e+01 0.000000e+00
8.782500e+01 0.000000e+00
8.787500e+01 0.000000e+00
8.792500e+01 0.000000e+00
8.797500e+01 0.000000e+00
8.802500e+01 0.000000e+00
8.807500e+01 0.000000e+00
8.812500e+01 0.000000e+00
8.817500e+01 0.000000e+00
8.822500e+01 0.000000e+00
8.827500e+01 0.000000e+00
8.832500e+01 0.000000e+00
8.837500e+01 0.000000e+00
8.842500e+01 0.000000e+00
8.847500e+01 0.000000e+00
8.852500e+01 0.000000e+00
8.857500e+01 0.000000e+00
8.862500e+01 0.000000e+00
8.867500e+01 0.000000e+00
8.872500e+01 0.000000e+00
8.877500e+01 0.000000e+00
8.882500e+01 0.000000e+00
8.887500e+01 0.000000e+00
8.892500e+01 0.000000e+00
8.897500e+01 0.000000e+00
8.902500e+01 0.000000e+00
8.907500e+01 0.000000e+00
8.912500e+01 0.000000e+00
8.917500e+01 0.000000e+00
8.922500e+01 0.000000e+00
8.927500e+01 0.000000e+00
8.932500e+01 0.000000e+00
8.937500e+01 0.000000e+00
8.942500e+01 0.000000e+00
8.947500e+01 0.000000e+00
8.952500e+01 0.000000e+00
8.957500e+01 0.000000e+00
8.962500e+01 0.000000e+00
8.967500e+01 0.000000e+00
8.972500e+01 0.000000e+00
8.977500e+01 0.000000e+00
8.982500e+01 0.000000e+00
8.987500e+01 0.000000e+00
8.992500e+01 0.000000e+00
8.997500e+01 0.000000e+00
9.002500e+01 0.000000e+00
9.007500e+01 0.000000e+00
9.012500e+01 0.000000e+00
9.017500e+01 0.000000e+00
9.022500e+01 0.000000e+00
9.027500e+01 0.000000e+00
9.032500e+01 0.000000e+00
9.037500e+01 0.000000e+00
9.042500e+01 0.000000e+00
9.047500e+01 0.000000e+00
9.052500e+01 0.000000e+00
9.057500e+01 0.000000e+00
9.062500e+01 0.000000e+00
9.067500e+01 0.000000e+00
9.072500e+01 0.000000e+00
9.077500e+01 0.000000e+00
9.082500e+01 0.000000e+00
9.087500e+01 0.000000e+00
9.092500e+01 0.000000e+00
9.097500e+01 0.000000e+00
9.102500e+01 0.000000e+00
9.107500e+01 0.000000e+00
9.112500e+01 0.000000e+00
9.117500e+01 0.000000e+00
9.122500e+01 0.000000e+00
9.127500e+01 0.000000e+00
9.132500e+01 0.000000e+00
9.137500e+01 0.000000e+00
9.142500e+01 0.000000e+00
9.147500e+01 0.000000e+00
9.152500e+01 0.000000e+00
9.157500e+01 0.000000e+00
9.162500e+01 0.000000e+00
9.167500e+01 0.000000e+00
9.172500e+01 0.000000e+00
9.177500e+01 0.000000e+00
9.182500e+01 0.000000e+00
9.187500e+01 0.000000e+00
9.192500e+01 0.000000e+00
9.197500e+01 0.000000e+00
9.202500e+01 0.000000e+00
9.207500e+01 0.000000e+00
9.212500e+01 0.000000e+00
9.217500e+01 0.000000e+00
9.222500e+01 0.000000e+00
9.227500e+01 0.000000e+00
9.232500e+01 0.000000e+00
9.237500e+01 0.000000e+00
9.242500e+01 0.000000e+00
9.247500e+01 0.000000e+00
9.252500e+01 0.000000e+00
9.257500e+01 0.000000e+00
9.262500e+01 0.000000e+00
9.267500e+01 0.000000e+00
9.272500e+01 0.000000e+00
9.277500e+01 0.000000e+00
9.282500e+01 0.000000e+00
9.287500e+01 0.000000e+00
9.292500e+01 0.000000e+00
9.297500e+01 0.000000e+00
9.302500e+01 0.000000e+00
9.307500e+01 0.000000e+00
9.312500e+01 0.000000e+00
9.317500e+01 0.000000e+00
9.322500e+01 0.000000e+00
9.327500e+01 0.000000e+00
9.332500e+01 0.000000e+00
9.337500e+01 0.000000e+00
9.342500e+01 0.000000e+00
9.347500e+01 0.000000e+00
9.352500e+01 0.000000e+00
9.357500e+01 0.000000e+00
9.362500e+01 0.000000e+00
9.367500e+01 0.000000e+00
9.372500e+01 0.000000e+00
9.377500e+01 0.000000e+00
9.382500e+01 0.000000e+00
9.387500e+01 0.000000e+00
9.392500e+01 0.000000e+00
9.397500e+01 0.000000e+00
9.402500e+01 0.000000e+00
9.407500e+01 0.000000e+00
9.412500e+01 0.000000e+00
9.417500e+01 0.000000e+00
9.422500e+01 0.000000e+00
9.427500e+01 0.000000e+00
9.432500e+01 0.000000e+00
9.437500e+01 0.000000e+00
9.442500e+01 0.000000e+00
9.447500e+01 0.000000e+00
9.452500e+01 0.000000e+00
9.457500e+01 0.000000e+00
9.462500e+01 0.000000e+00
9.467500e+01 0.000000e+00
9.472500e+01 0.000000e+00
9.477500e+01 0.000000e+00
9.482500e+01 0.000000e+00
9.487500e+01 0.000000e+00
9.492500e+01 0.000000e+00
9.497500e+01 0.000000e+00
9.502500e+01 0.000000e+00
9.507500e+01 0.000000e+00
9.512500e+01 0.000000e+00
9.517500e+01 0.000000e+00
9.522500e+01 0.000000e+00
9.527500e+01 0.000000e+00
9.532500e+01 0.000000e+00
9.537500e+01 0.000000e+00
9.542500e+01 0.000000e+00
9.547500e+01 0.000000e+00
9.552500e+01 0.000000e+00
9.557500e+01 0.000000e+00
9.562500e+01 0.000000e+00
9.567500e+01 0.000000e+00
9.572500e+01 0.000000e+00
9.577500e+01 0.000000e+00
9.582500e+01 0.000000e+00
9.587500e+01 0.000000e+00
9.592500e+01 0.000000e+00
9.597500e+01 0.000000e+00
9.602500e+01 0.000000e+00
9.607500e+01 0.000000e+00
9.612500e+01 0.000000e+00
9.617500e+01 0.000000e+00
9.622500e+01 0.000000e+00
9.627500e+01 0.000000e+00
9.632500e+01 0.000000e+00
9.637500e+01 0.000000e+00
9.642500e+01 0.000000e+00
9.647500e+01 0.000000e+00
9.652500e+01 0.000000e+00
9.657500e+01 0.000000e+00
9.662500e+01 0.000000e+00
9.667500e+01 0.000000e+00
9.672500e+01 0.000000e+00
9.677500e+01 0.000000e+00
9.682500e+01 0.000000e+00
9.687500e+01 0.000000e+00
9.692500e+01 0.000000e+00
9.697500e+01 0.000000e+00
9.702500e+01 0.000000e+00
9.707500e+01 0.000000e+00
9.712500e+01 0.000000e+00
9.717500e+01 0.000000e+00
9.722500e+01 0.000000e+00
9.727500e+01 0.000000e+00
9.732500e+01 0.000000e+00
9.737500e+01 0.000000e+00
9.742500e+01 0.000000e+00
9.747500e+01 0.000000e+00
9.752500e+01 0.000000e+00
9.757500e+01 0.000000e+00
9.762500e+01 0.000000e+00
9.767500e+01 0.000000e+00
9.772500e+01 0.000000e+00
9.777500e+01 0.000000e+00
9.782500e+01 0.000000e+00
9.787500e+01 0.000000e+00
9.792500e+01 0.000000e+00
9.797500e+01 0.000000e+00
9.802500e+01 0.000000e+00
9.807500e+01 0.000000e+00
9.812500e+01 0.000000e+00
9.817500e+01 0.000000e+00
9.822500e+01 0.000000e+00
9.827500e+01 0.000000e+00
9.832500e+01 0.000000e+00
9.837500e+01 0.000000e+00
9.842500e+01 0.000000e+00
9.847500e+01 0.000000e+00
9.852500e+01 0.000000e+00
9.857500e+01 0.000000e+00
9.862500e+01 0.000000e+00
9.867500e+01 0.000000e+00
9.872500e+01 0.000000e+00
9.877500e+01 0.000000e+00
9.882500e+01 0.000000e+00
9.887500e+01 0.000000e+00
9.892500e+01 0.000000e+00
9.897500e+01 0.000000e+00
9.902500e+01 0.000000e+00
9.907500e+01 0.000000e+00
9.912500e+01 0.000000e+00
9.917500e+01 0.000000e+00
9.922500e+01 0.000000e+00
9.927500e+01 0.000000e+00
9.932500e+01 0.000000e+00
9.937500e+01 0.000000e+00
9.942500e+01 0.000000e+00
9.947500e+01 0.000000e+00
9.952500e+01 0.000000e+00
9.957500e+01 0.000000e+00
9.962500e+01 0.000000e+00
9.967500e+01 0.000000e+00
9.972500e+01 0.000000e+00
9.977500e+01 0.000000e+00
9.982500e+01 0.000000e+00
9.987500e+01 0.000000e+00
9.992500e+01 0.000000e+00
9.997500e+01 0.000000e+00
